Biophysics and computational biology
113, 4, 12, 5, 4, 2, 2, 1, 21, 28.2500, 28.2500, 22.6000, 1.2500, 3.0000, 1.2500, 0.4000, 0.5000, 1.0000, 0.5000, 0.2500, 0.2000, 5.2500, 4.2000
257, 10, 24, 15, 11, 5, 5, 7, 31, 25.7000, 23.3636, 17.1333, 1.5000, 2.1818, 1.3636, 0.3333, 0.4545, 1.1000, 0.4545, 0.6364, 0.4667, 2.8182, 2.0667
Environmental sciences
123, 6, 11, 9, 7, 2, 2, 4, 20, 20.5000, 17.5714, 13.6667, 1.5000, 1.5714, 1.2857, 0.2222, 0.2857, 1.1667, 0.2857, 0.5714, 0.4444, 2.8571, 2.2222
262, 11, 26, 16, 14, 5, 6, 9, 37, 23.8182, 18.7143, 16.3750, 1.4545, 1.8571, 1.1429, 0.3125, 0.3571, 1.2727, 0.4286, 0.6429, 0.5625, 2.6429, 2.3125
Immunology and inflammation
116, 5, 11, 6, 6, 0, 0, 1, 17, 23.2000, 19.3333, 19.3333, 1.2000, 1.8333, 1.0000, 0, 0, 1.2000, 0, 0.1667, 0.1667, 2.8333, 2.8333
239, 12, 20, 13, 12, 1, 1, 6, 39, 19.9167, 19.9167, 18.3846, 1.0833, 1.6667, 1.0833, 0.0769, 0.0833, 1.0000, 0.0833, 0.5000, 0.4615, 3.2500, 3.0000
Neuroscience
93, 3, 7, 4, 4, 0, 0, 4, 19, 31.0000, 23.2500, 23.2500, 1.3333, 1.7500, 1.0000, 0, 0, 1.3333, 0, 1.0000, 1.0000, 4.7500, 4.7500
273, 8, 15, 12, 9, 3, 3, 8, 41, 34.1250, 30.3333, 22.7500, 1.5000, 1.6667, 1.3333, 0.2500, 0.3333, 1.1250, 0.3333, 0.8889, 0.6667, 4.5556, 3.4167
Earth, atmospheric, and planetary sciences
126, 5, 10, 6, 5, 2, 2, 5, 20, 25.2000, 25.2000, 21.0000, 1.2000, 2.0000, 1.2000, 0.3333, 0.4000, 1.0000, 0.4000, 1.0000, 0.8333, 4.0000, 3.3333
265, 5, 11, 9, 5, 3, 3, 5, 25, 53.0000, 53.0000, 29.4444, 1.8000, 2.2000, 1.8000, 0.3333, 0.6000, 1.0000, 0.6000, 1.0000, 0.5556, 5.0000, 2.7778
Genetics
123, 7, 14, 11, 7, 5, 4, 1, 20, 17.5714, 17.5714, 11.1818, 1.5714, 2.0000, 1.5714, 0.4545, 0.7143, 1.0000, 0.5714, 0.1429, 0.0909, 2.8571, 1.8182
274, 10, 21, 12, 10, 4, 3, 3, 42, 27.4000, 27.4000, 22.8333, 1.2000, 2.1000, 1.2000, 0.3333, 0.4000, 1.0000, 0.3000, 0.3000, 0.2500, 4.2000, 3.5000
Neuroscience
127, 4, 9, 8, 4, 4, 3, 4, 24, 31.7500, 31.7500, 15.8750, 2.0000, 2.2500, 2.0000, 0.5000, 1.0000, 1.0000, 0.7500, 1.0000, 0.5000, 6.0000, 3.0000
248, 9, 21, 13, 12, 3, 3, 8, 37, 27.5556, 20.6667, 19.0769, 1.4444, 1.7500, 1.0833, 0.2308, 0.2500, 1.3333, 0.2500, 0.6667, 0.6154, 3.0833, 2.8462
Psychological and cognitive sciences
118, 4, 13, 8, 4, 5, 3, 3, 24, 29.5000, 29.5000, 14.7500, 2.0000, 3.2500, 2.0000, 0.6250, 1.2500, 1.0000, 0.7500, 0.7500, 0.3750, 6.0000, 3.0000
182, 7, 19, 11, 7, 4, 3, 3, 30, 26.0000, 26.0000, 16.5455, 1.5714, 2.7143, 1.5714, 0.3636, 0.5714, 1.0000, 0.4286, 0.4286, 0.2727, 4.2857, 2.7273
Psychological and cognitive sciences
121, 6, 17, 10, 7, 3, 2, 6, 14, 20.1667, 17.2857, 12.1000, 1.6667, 2.4286, 1.4286, 0.3000, 0.4286, 1.1667, 0.2857, 0.8571, 0.6000, 2.0000, 1.4000
230, 11, 30, 20, 11, 9, 6, 10, 33, 20.9091, 20.9091, 11.5000, 1.8182, 2.7273, 1.8182, 0.4500, 0.8182, 1.0000, 0.5455, 0.9091, 0.5000, 3.0000, 1.6500
Ecology
56, 2, 8, 4, 2, 2, 1, 2, 8, 28.0000, 28.0000, 14.0000, 2.0000, 4.0000, 2.0000, 0.5000, 1.0000, 1.0000, 0.5000, 1.0000, 0.5000, 4.0000, 2.0000
236, 9, 23, 13, 9, 4, 4, 11, 29, 26.2222, 26.2222, 18.1538, 1.4444, 2.5556, 1.4444, 0.3077, 0.4444, 1.0000, 0.4444, 1.2222, 0.8462, 3.2222, 2.2308
Applied physical sciences
112, 5, 13, 7, 5, 3, 3, 3, 15, 22.4000, 22.4000, 16.0000, 1.4000, 2.6000, 1.4000, 0.4286, 0.6000, 1.0000, 0.6000, 0.6000, 0.4286, 3.0000, 2.1429
185, 8, 24, 15, 8, 7, 5, 6, 31, 23.1250, 23.1250, 12.3333, 1.8750, 3.0000, 1.8750, 0.4667, 0.8750, 1.0000, 0.6250, 0.7500, 0.4000, 3.8750, 2.0667
Computer sciences
114, 5, 10, 7, 5, 2, 2, 4, 18, 22.8000, 22.8000, 16.2857, 1.4000, 2.0000, 1.4000, 0.2857, 0.4000, 1.0000, 0.4000, 0.8000, 0.5714, 3.6000, 2.5714
163, 7, 15, 8, 7, 1, 1, 8, 25, 23.2857, 23.2857, 20.3750, 1.1429, 2.1429, 1.1429, 0.1250, 0.1429, 1.0000, 0.1429, 1.1429, 1.0000, 3.5714, 3.1250
Biophysics and computational biology
123, 5, 11, 10, 5, 5, 4, 2, 23, 24.6000, 24.6000, 12.3000, 2.0000, 2.2000, 2.0000, 0.5000, 1.0000, 1.0000, 0.8000, 0.4000, 0.2000, 4.6000, 2.3000
196, 9, 24, 15, 9, 7, 5, 2, 31, 21.7778, 21.7778, 13.0667, 1.6667, 2.6667, 1.6667, 0.4667, 0.7778, 1.0000, 0.5556, 0.2222, 0.1333, 3.4444, 2.0667
Medical sciences
112, 6, 14, 8, 6, 1, 1, 5, 11, 18.6667, 18.6667, 14.0000, 1.3333, 2.3333, 1.3333, 0.1250, 0.1667, 1.0000, 0.1667, 0.8333, 0.6250, 1.8333, 1.3750
205, 8, 18, 10, 8, 2, 2, 7, 30, 25.6250, 25.6250, 20.5000, 1.2500, 2.2500, 1.2500, 0.2000, 0.2500, 1.0000, 0.2500, 0.8750, 0.7000, 3.7500, 3.0000
Evolution
125, 6, 14, 9, 6, 3, 3, 2, 20, 20.8333, 20.8333, 13.8889, 1.5000, 2.3333, 1.5000, 0.3333, 0.5000, 1.0000, 0.5000, 0.3333, 0.2222, 3.3333, 2.2222
188, 7, 22, 13, 8, 6, 5, 3, 27, 26.8571, 23.5000, 14.4615, 1.8571, 2.7500, 1.6250, 0.4615, 0.7500, 1.1429, 0.6250, 0.3750, 0.2308, 3.3750, 2.0769
Ecology
111, 5, 14, 10, 5, 6, 3, 2, 17, 22.2000, 22.2000, 11.1000, 2.0000, 2.8000, 2.0000, 0.6000, 1.2000, 1.0000, 0.6000, 0.4000, 0.2000, 3.4000, 1.7000
214, 7, 17, 13, 9, 5, 3, 5, 36, 30.5714, 23.7778, 16.4615, 1.8571, 1.8889, 1.4444, 0.3846, 0.5556, 1.2857, 0.3333, 0.5556, 0.3846, 4.0000, 2.7692
Applied mathematics
113, 5, 9, 6, 6, 0, 0, 1, 18, 22.6000, 18.8333, 18.8333, 1.2000, 1.5000, 1.0000, 0, 0, 1.2000, 0, 0.1667, 0.1667, 3.0000, 3.0000
195, 10, 22, 16, 12, 3, 3, 2, 27, 19.5000, 16.2500, 12.1875, 1.6000, 1.8333, 1.3333, 0.1875, 0.2500, 1.2000, 0.2500, 0.1667, 0.1250, 2.2500, 1.6875
Plant biology
132, 7, 13, 11, 7, 5, 4, 2, 18, 18.8571, 18.8571, 12.0000, 1.5714, 1.8571, 1.5714, 0.4545, 0.7143, 1.0000, 0.5714, 0.2857, 0.1818, 2.5714, 1.6364
252, 11, 25, 17, 12, 7, 5, 3, 28, 22.9091, 21.0000, 14.8235, 1.5455, 2.0833, 1.4167, 0.4118, 0.5833, 1.0909, 0.4167, 0.2500, 0.1765, 2.3333, 1.6471
Applied physical sciences
122, 5, 15, 13, 7, 6, 5, 3, 20, 24.4000, 17.4286, 9.3846, 2.6000, 2.1429, 1.8571, 0.4615, 0.8571, 1.4000, 0.7143, 0.4286, 0.2308, 2.8571, 1.5385
244, 9, 30, 20, 11, 6, 5, 5, 34, 27.1111, 22.1818, 12.2000, 2.2222, 2.7273, 1.8182, 0.3000, 0.5455, 1.2222, 0.4545, 0.4545, 0.2500, 3.0909, 1.7000
Economic sciences
90, 3, 6, 5, 3, 2, 1, 1, 16, 30.0000, 30.0000, 18.0000, 1.6667, 2.0000, 1.6667, 0.4000, 0.6667, 1.0000, 0.3333, 0.3333, 0.2000, 5.3333, 3.2000
166, 9, 14, 9, 10, 0, 0, 4, 27, 18.4444, 16.6000, 18.4444, 1.0000, 1.4000, 0.9000, 0, 0, 1.1111, 0, 0.4000, 0.4444, 2.7000, 3.0000
Applied physical sciences
116, 5, 21, 12, 5, 8, 4, 1, 20, 23.2000, 23.2000, 9.6667, 2.4000, 4.2000, 2.4000, 0.6667, 1.6000, 1.0000, 0.8000, 0.2000, 0.0833, 4.0000, 1.6667
214, 8, 28, 18, 8, 10, 6, 4, 30, 26.7500, 26.7500, 11.8889, 2.2500, 3.5000, 2.2500, 0.5556, 1.2500, 1.0000, 0.7500, 0.5000, 0.2222, 3.7500, 1.6667
Plant biology
126, 6, 12, 8, 6, 2, 2, 4, 18, 21.0000, 21.0000, 15.7500, 1.3333, 2.0000, 1.3333, 0.2500, 0.3333, 1.0000, 0.3333, 0.6667, 0.5000, 3.0000, 2.2500
279, 10, 19, 16, 12, 4, 6, 11, 32, 27.9000, 23.2500, 17.4375, 1.6000, 1.5833, 1.3333, 0.2500, 0.3333, 1.2000, 0.5000, 0.9167, 0.6875, 2.6667, 2.0000
Engineering
121, 5, 12, 6, 5, 1, 1, 1, 21, 24.2000, 24.2000, 20.1667, 1.2000, 2.4000, 1.2000, 0.1667, 0.2000, 1.0000, 0.2000, 0.2000, 0.1667, 4.2000, 3.5000
259, 6, 18, 8, 6, 2, 2, 4, 38, 43.1667, 43.1667, 32.3750, 1.3333, 3.0000, 1.3333, 0.2500, 0.3333, 1.0000, 0.3333, 0.6667, 0.5000, 6.3333, 4.7500
Applied mathematics
124, 5, 13, 5, 5, 0, 0, 6, 19, 24.8000, 24.8000, 24.8000, 1.0000, 2.6000, 1.0000, 0, 0, 1.0000, 0, 1.2000, 1.2000, 3.8000, 3.8000
226, 9, 26, 18, 10, 9, 6, 7, 35, 25.1111, 22.6000, 12.5556, 2.0000, 2.6000, 1.8000, 0.5000, 0.9000, 1.1111, 0.6000, 0.7000, 0.3889, 3.5000, 1.9444
Evolution
122, 6, 13, 8, 6, 2, 1, 3, 17, 20.3333, 20.3333, 15.2500, 1.3333, 2.1667, 1.3333, 0.2500, 0.3333, 1.0000, 0.1667, 0.5000, 0.3750, 2.8333, 2.1250
225, 11, 21, 16, 11, 5, 5, 8, 31, 20.4545, 20.4545, 14.0625, 1.4545, 1.9091, 1.4545, 0.3125, 0.4545, 1.0000, 0.4545, 0.7273, 0.5000, 2.8182, 1.9375
Neuroscience
122, 6, 11, 8, 7, 2, 2, 2, 19, 20.3333, 17.4286, 15.2500, 1.3333, 1.5714, 1.1429, 0.2500, 0.2857, 1.1667, 0.2857, 0.2857, 0.2500, 2.7143, 2.3750
257, 8, 21, 15, 10, 6, 6, 7, 46, 32.1250, 25.7000, 17.1333, 1.8750, 2.1000, 1.5000, 0.4000, 0.6000, 1.2500, 0.6000, 0.7000, 0.4667, 4.6000, 3.0667
Applied physical sciences
118, 5, 10, 5, 5, 1, 1, 3, 18, 23.6000, 23.6000, 23.6000, 1.0000, 2.0000, 1.0000, 0.2000, 0.2000, 1.0000, 0.2000, 0.6000, 0.6000, 3.6000, 3.6000
204, 11, 23, 17, 11, 6, 6, 6, 23, 18.5455, 18.5455, 12.0000, 1.5455, 2.0909, 1.5455, 0.3529, 0.5455, 1.0000, 0.5455, 0.5455, 0.3529, 2.0909, 1.3529
Biophysics and computational biology
121, 5, 12, 5, 5, 1, 1, 2, 21, 24.2000, 24.2000, 24.2000, 1.0000, 2.4000, 1.0000, 0.2000, 0.2000, 1.0000, 0.2000, 0.4000, 0.4000, 4.2000, 4.2000
253, 11, 29, 16, 11, 5, 4, 5, 37, 23.0000, 23.0000, 15.8125, 1.4545, 2.6364, 1.4545, 0.3125, 0.4545, 1.0000, 0.3636, 0.4545, 0.3125, 3.3636, 2.3125
Agricultural sciences
125, 5, 15, 8, 5, 4, 3, 3, 22, 25.0000, 25.0000, 15.6250, 1.6000, 3.0000, 1.6000, 0.5000, 0.8000, 1.0000, 0.6000, 0.6000, 0.3750, 4.4000, 2.7500
246, 10, 21, 11, 10, 3, 3, 8, 35, 24.6000, 24.6000, 22.3636, 1.1000, 2.1000, 1.1000, 0.2727, 0.3000, 1.0000, 0.3000, 0.8000, 0.7273, 3.5000, 3.1818
Psychological and cognitive sciences
125, 4, 13, 10, 5, 6, 4, 7, 21, 31.2500, 25.0000, 12.5000, 2.5000, 2.6000, 2.0000, 0.6000, 1.2000, 1.2500, 0.8000, 1.4000, 0.7000, 4.2000, 2.1000
184, 7, 18, 15, 8, 8, 7, 8, 31, 26.2857, 23.0000, 12.2667, 2.1429, 2.2500, 1.8750, 0.5333, 1.0000, 1.1429, 0.8750, 1.0000, 0.5333, 3.8750, 2.0667
Chemistry
102, 6, 9, 7, 6, 2, 2, 1, 19, 17.0000, 17.0000, 14.5714, 1.1667, 1.5000, 1.1667, 0.2857, 0.3333, 1.0000, 0.3333, 0.1667, 0.1429, 3.1667, 2.7143
266, 12, 25, 17, 13, 4, 4, 7, 37, 22.1667, 20.4615, 15.6471, 1.4167, 1.9231, 1.3077, 0.2353, 0.3077, 1.0833, 0.3077, 0.5385, 0.4118, 2.8462, 2.1765
Immunology and inflammation
128, 6, 15, 12, 8, 5, 3, 4, 17, 21.3333, 16.0000, 10.6667, 2.0000, 1.8750, 1.5000, 0.4167, 0.6250, 1.3333, 0.3750, 0.5000, 0.3333, 2.1250, 1.4167
179, 8, 22, 16, 8, 8, 6, 6, 26, 22.3750, 22.3750, 11.1875, 2.0000, 2.7500, 2.0000, 0.5000, 1.0000, 1.0000, 0.7500, 0.7500, 0.3750, 3.2500, 1.6250
Psychological and cognitive sciences
145, 11, 15, 10, 7, 5, 4, 6, 18, 13.1818, 20.7143, 14.5000, 0.9091, 2.1429, 1.4286, 0.5000, 0.7143, 0.6364, 0.5714, 0.8571, 0.6000, 2.5714, 1.8000
258, 19, 27, 25, 17, 8, 6, 7, 38, 13.5789, 15.1765, 10.3200, 1.3158, 1.5882, 1.4706, 0.3200, 0.4706, 0.8947, 0.3529, 0.4118, 0.2800, 2.2353, 1.5200
Environmental sciences
103, 4, 14, 6, 4, 2, 1, 7, 13, 25.7500, 25.7500, 17.1667, 1.5000, 3.5000, 1.5000, 0.3333, 0.5000, 1.0000, 0.2500, 1.7500, 1.1667, 3.2500, 2.1667
186, 7, 17, 11, 8, 4, 4, 7, 26, 26.5714, 23.2500, 16.9091, 1.5714, 2.1250, 1.3750, 0.3636, 0.5000, 1.1429, 0.5000, 0.8750, 0.6364, 3.2500, 2.3636
Biophysics and computational biology
116, 5, 11, 8, 5, 3, 3, 4, 23, 23.2000, 23.2000, 14.5000, 1.6000, 2.2000, 1.6000, 0.3750, 0.6000, 1.0000, 0.6000, 0.8000, 0.5000, 4.6000, 2.8750
192, 9, 14, 10, 10, 1, 1, 5, 33, 21.3333, 19.2000, 19.2000, 1.1111, 1.4000, 1.0000, 0.1000, 0.1000, 1.1111, 0.1000, 0.5000, 0.5000, 3.3000, 3.3000
Neuroscience
124, 6, 19, 11, 6, 6, 4, 3, 20, 20.6667, 20.6667, 11.2727, 1.8333, 3.1667, 1.8333, 0.5455, 1.0000, 1.0000, 0.6667, 0.5000, 0.2727, 3.3333, 1.8182
174, 7, 17, 8, 7, 1, 1, 7, 31, 24.8571, 24.8571, 21.7500, 1.1429, 2.4286, 1.1429, 0.1250, 0.1429, 1.0000, 0.1429, 1.0000, 0.8750, 4.4286, 3.8750
Applied biological sciences
90, 4, 8, 5, 4, 1, 1, 2, 13, 22.5000, 22.5000, 18.0000, 1.2500, 2.0000, 1.2500, 0.2000, 0.2500, 1.0000, 0.2500, 0.5000, 0.4000, 3.2500, 2.6000
196, 9, 16, 12, 9, 4, 4, 9, 27, 21.7778, 21.7778, 16.3333, 1.3333, 1.7778, 1.3333, 0.3333, 0.4444, 1.0000, 0.4444, 1.0000, 0.7500, 3.0000, 2.2500
Demography
124, 4, 14, 7, 4, 3, 3, 3, 21, 31.0000, 31.0000, 17.7143, 1.7500, 3.5000, 1.7500, 0.4286, 0.7500, 1.0000, 0.7500, 0.7500, 0.4286, 5.2500, 3.0000
173, 7, 16, 11, 5, 6, 3, 4, 23, 24.7143, 34.6000, 15.7273, 1.5714, 3.2000, 2.2000, 0.5455, 1.2000, 0.7143, 0.6000, 0.8000, 0.3636, 4.6000, 2.0909
Psychological and cognitive sciences
111, 5, 11, 7, 6, 2, 2, 4, 13, 22.2000, 18.5000, 15.8571, 1.4000, 1.8333, 1.1667, 0.2857, 0.3333, 1.2000, 0.3333, 0.6667, 0.5714, 2.1667, 1.8571
254, 10, 23, 15, 10, 6, 5, 6, 41, 25.4000, 25.4000, 16.9333, 1.5000, 2.3000, 1.5000, 0.4000, 0.6000, 1.0000, 0.5000, 0.6000, 0.4000, 4.1000, 2.7333
Biochemistry
128, 5, 14, 9, 5, 5, 4, 4, 19, 25.6000, 25.6000, 14.2222, 1.8000, 2.8000, 1.8000, 0.5556, 1.0000, 1.0000, 0.8000, 0.8000, 0.4444, 3.8000, 2.1111
185, 6, 14, 12, 6, 7, 5, 3, 28, 30.8333, 30.8333, 15.4167, 2.0000, 2.3333, 2.0000, 0.5833, 1.1667, 1.0000, 0.8333, 0.5000, 0.2500, 4.6667, 2.3333
Computer sciences
123, 5, 9, 8, 6, 4, 4, 5, 19, 24.6000, 20.5000, 15.3750, 1.6000, 1.5000, 1.3333, 0.5000, 0.6667, 1.2000, 0.6667, 0.8333, 0.6250, 3.1667, 2.3750
219, 10, 23, 17, 10, 6, 4, 3, 39, 21.9000, 21.9000, 12.8824, 1.7000, 2.3000, 1.7000, 0.3529, 0.6000, 1.0000, 0.4000, 0.3000, 0.1765, 3.9000, 2.2941
Earth, atmospheric, and planetary sciences
128, 4, 11, 6, 4, 3, 2, 3, 11, 32.0000, 32.0000, 21.3333, 1.5000, 2.7500, 1.5000, 0.5000, 0.7500, 1.0000, 0.5000, 0.7500, 0.5000, 2.7500, 1.8333
261, 10, 21, 13, 10, 2, 1, 6, 33, 26.1000, 26.1000, 20.0769, 1.3000, 2.1000, 1.3000, 0.1538, 0.2000, 1.0000, 0.1000, 0.6000, 0.4615, 3.3000, 2.5385
Applied mathematics
86, 4, 12, 6, 4, 3, 3, 0, 15, 21.5000, 21.5000, 14.3333, 1.5000, 3.0000, 1.5000, 0.5000, 0.7500, 1.0000, 0.7500, 0, 0, 3.7500, 2.5000
120, 5, 17, 11, 6, 6, 5, 2, 19, 24.0000, 20.0000, 10.9091, 2.2000, 2.8333, 1.8333, 0.5455, 1.0000, 1.2000, 0.8333, 0.3333, 0.1818, 3.1667, 1.7273
Developmental biology
128, 3, 11, 7, 4, 4, 2, 2, 21, 42.6667, 32.0000, 18.2857, 2.3333, 2.7500, 1.7500, 0.5714, 1.0000, 1.3333, 0.5000, 0.5000, 0.2857, 5.2500, 3.0000
256, 8, 24, 14, 8, 6, 5, 6, 46, 32.0000, 32.0000, 18.2857, 1.7500, 3.0000, 1.7500, 0.4286, 0.7500, 1.0000, 0.6250, 0.7500, 0.4286, 5.7500, 3.2857
Economic sciences
108, 4, 12, 7, 4, 4, 3, 3, 19, 27.0000, 27.0000, 15.4286, 1.7500, 3.0000, 1.7500, 0.5714, 1.0000, 1.0000, 0.7500, 0.7500, 0.4286, 4.7500, 2.7143
228, 7, 14, 12, 8, 4, 3, 8, 36, 32.5714, 28.5000, 19.0000, 1.7143, 1.7500, 1.5000, 0.3333, 0.5000, 1.1429, 0.3750, 1.0000, 0.6667, 4.5000, 3.0000
Neuroscience
126, 4, 19, 12, 4, 8, 4, 1, 19, 31.5000, 31.5000, 10.5000, 3.0000, 4.7500, 3.0000, 0.6667, 2.0000, 1.0000, 1.0000, 0.2500, 0.0833, 4.7500, 1.5833
260, 8, 27, 17, 8, 9, 4, 5, 35, 32.5000, 32.5000, 15.2941, 2.1250, 3.3750, 2.1250, 0.5294, 1.1250, 1.0000, 0.5000, 0.6250, 0.2941, 4.3750, 2.0588
Biophysics and computational biology
115, 5, 12, 6, 5, 1, 1, 1, 21, 23.0000, 23.0000, 19.1667, 1.2000, 2.4000, 1.2000, 0.1667, 0.2000, 1.0000, 0.2000, 0.2000, 0.1667, 4.2000, 3.5000
245, 10, 20, 17, 12, 5, 5, 7, 33, 24.5000, 20.4167, 14.4118, 1.7000, 1.6667, 1.4167, 0.2941, 0.4167, 1.2000, 0.4167, 0.5833, 0.4118, 2.7500, 1.9412
Genetics
99, 5, 9, 7, 5, 2, 2, 4, 19, 19.8000, 19.8000, 14.1429, 1.4000, 1.8000, 1.4000, 0.2857, 0.4000, 1.0000, 0.4000, 0.8000, 0.5714, 3.8000, 2.7143
205, 11, 21, 14, 11, 4, 4, 3, 30, 18.6364, 18.6364, 14.6429, 1.2727, 1.9091, 1.2727, 0.2857, 0.3636, 1.0000, 0.3636, 0.2727, 0.2143, 2.7273, 2.1429
Systems biology
126, 5, 11, 8, 6, 3, 2, 5, 21, 25.2000, 21.0000, 15.7500, 1.6000, 1.8333, 1.3333, 0.3750, 0.5000, 1.2000, 0.3333, 0.8333, 0.6250, 3.5000, 2.6250
156, 8, 13, 10, 9, 3, 3, 3, 29, 19.5000, 17.3333, 15.6000, 1.2500, 1.4444, 1.1111, 0.3000, 0.3333, 1.1250, 0.3333, 0.3333, 0.3000, 3.2222, 2.9000
Ecology
120, 6, 14, 8, 6, 3, 3, 7, 18, 20.0000, 20.0000, 15.0000, 1.3333, 2.3333, 1.3333, 0.3750, 0.5000, 1.0000, 0.5000, 1.1667, 0.8750, 3.0000, 2.2500
157, 8, 24, 16, 12, 6, 5, 0, 22, 19.6250, 13.0833, 9.8125, 2.0000, 2.0000, 1.3333, 0.3750, 0.5000, 1.5000, 0.4167, 0, 0, 1.8333, 1.3750
Microbiology
120, 7, 18, 9, 7, 3, 2, 2, 19, 17.1429, 17.1429, 13.3333, 1.2857, 2.5714, 1.2857, 0.3333, 0.4286, 1.0000, 0.2857, 0.2857, 0.2222, 2.7143, 2.1111
195, 8, 22, 15, 8, 7, 6, 7, 27, 24.3750, 24.3750, 13.0000, 1.8750, 2.7500, 1.8750, 0.4667, 0.8750, 1.0000, 0.7500, 0.8750, 0.4667, 3.3750, 1.8000
Medical sciences
104, 5, 10, 5, 4, 1, 1, 8, 14, 20.8000, 26.0000, 20.8000, 1.0000, 2.5000, 1.2500, 0.2000, 0.2500, 0.8000, 0.2500, 2.0000, 1.6000, 3.5000, 2.8000
204, 9, 21, 14, 9, 5, 5, 7, 34, 22.6667, 22.6667, 14.5714, 1.5556, 2.3333, 1.5556, 0.3571, 0.5556, 1.0000, 0.5556, 0.7778, 0.5000, 3.7778, 2.4286
Ecology
121, 6, 13, 9, 6, 3, 3, 4, 13, 20.1667, 20.1667, 13.4444, 1.5000, 2.1667, 1.5000, 0.3333, 0.5000, 1.0000, 0.5000, 0.6667, 0.4444, 2.1667, 1.4444
246, 8, 22, 17, 9, 9, 8, 5, 32, 30.7500, 27.3333, 14.4706, 2.1250, 2.4444, 1.8889, 0.5294, 1.0000, 1.1250, 0.8889, 0.5556, 0.2941, 3.5556, 1.8824
Environmental sciences
105, 3, 9, 7, 3, 3, 2, 2, 15, 35.0000, 35.0000, 15.0000, 2.3333, 3.0000, 2.3333, 0.4286, 1.0000, 1.0000, 0.6667, 0.6667, 0.2857, 5.0000, 2.1429
231, 7, 24, 16, 10, 7, 5, 2, 34, 33.0000, 23.1000, 14.4375, 2.2857, 2.4000, 1.6000, 0.4375, 0.7000, 1.4286, 0.5000, 0.2000, 0.1250, 3.4000, 2.1250
Applied physical sciences
122, 4, 11, 7, 5, 3, 4, 1, 20, 30.5000, 24.4000, 17.4286, 1.7500, 2.2000, 1.4000, 0.4286, 0.6000, 1.2500, 0.8000, 0.2000, 0.1429, 4.0000, 2.8571
208, 6, 24, 19, 7, 12, 6, 2, 31, 34.6667, 29.7143, 10.9474, 3.1667, 3.4286, 2.7143, 0.6316, 1.7143, 1.1667, 0.8571, 0.2857, 0.1053, 4.4286, 1.6316
Economic sciences
89, 4, 15, 12, 7, 3, 4, 2, 11, 22.2500, 12.7143, 7.4167, 3.0000, 2.1429, 1.7143, 0.2500, 0.4286, 1.7500, 0.5714, 0.2857, 0.1667, 1.5714, 0.9167
89, 5, 9, 5, 5, 1, 1, 2, 13, 17.8000, 17.8000, 17.8000, 1.0000, 1.8000, 1.0000, 0.2000, 0.2000, 1.0000, 0.2000, 0.4000, 0.4000, 2.6000, 2.6000
Neuroscience
128, 5, 9, 9, 5, 4, 3, 4, 21, 25.6000, 25.6000, 14.2222, 1.8000, 1.8000, 1.8000, 0.4444, 0.8000, 1.0000, 0.6000, 0.8000, 0.4444, 4.2000, 2.3333
244, 9, 16, 10, 11, 1, 0, 7, 42, 27.1111, 22.1818, 24.4000, 1.1111, 1.4545, 0.9091, 0.1000, 0.0909, 1.2222, 0, 0.6364, 0.7000, 3.8182, 4.2000
Agricultural sciences
106, 5, 11, 7, 5, 2, 2, 5, 18, 21.2000, 21.2000, 15.1429, 1.4000, 2.2000, 1.4000, 0.2857, 0.4000, 1.0000, 0.4000, 1.0000, 0.7143, 3.6000, 2.5714
126, 4, 12, 8, 5, 4, 3, 5, 22, 31.5000, 25.2000, 15.7500, 2.0000, 2.4000, 1.6000, 0.5000, 0.8000, 1.2500, 0.6000, 1.0000, 0.6250, 4.4000, 2.7500
Psychological and cognitive sciences
76, 2, 8, 5, 3, 3, 3, 2, 17, 38.0000, 25.3333, 15.2000, 2.5000, 2.6667, 1.6667, 0.6000, 1.0000, 1.5000, 1.0000, 0.6667, 0.4000, 5.6667, 3.4000
134, 4, 12, 8, 5, 4, 4, 5, 21, 33.5000, 26.8000, 16.7500, 2.0000, 2.4000, 1.6000, 0.5000, 0.8000, 1.2500, 0.8000, 1.0000, 0.6250, 4.2000, 2.6250
Neuroscience
124, 5, 15, 9, 5, 4, 3, 7, 21, 24.8000, 24.8000, 13.7778, 1.8000, 3.0000, 1.8000, 0.4444, 0.8000, 1.0000, 0.6000, 1.4000, 0.7778, 4.2000, 2.3333
185, 8, 16, 11, 9, 3, 3, 9, 27, 23.1250, 20.5556, 16.8182, 1.3750, 1.7778, 1.2222, 0.2727, 0.3333, 1.1250, 0.3333, 1.0000, 0.8182, 3.0000, 2.4545
Economic sciences
123, 7, 20, 13, 7, 6, 3, 5, 15, 17.5714, 17.5714, 9.4615, 1.8571, 2.8571, 1.8571, 0.4615, 0.8571, 1.0000, 0.4286, 0.7143, 0.3846, 2.1429, 1.1538
160, 6, 16, 14, 6, 9, 4, 6, 17, 26.6667, 26.6667, 11.4286, 2.3333, 2.6667, 2.3333, 0.6429, 1.5000, 1.0000, 0.6667, 1.0000, 0.4286, 2.8333, 1.2143
Neuroscience
118, 6, 13, 11, 6, 5, 3, 2, 22, 19.6667, 19.6667, 10.7273, 1.8333, 2.1667, 1.8333, 0.4545, 0.8333, 1.0000, 0.5000, 0.3333, 0.1818, 3.6667, 2.0000
145, 6, 16, 10, 6, 4, 4, 6, 23, 24.1667, 24.1667, 14.5000, 1.6667, 2.6667, 1.6667, 0.4000, 0.6667, 1.0000, 0.6667, 1.0000, 0.6000, 3.8333, 2.3000
Earth, atmospheric, and planetary sciences
124, 4, 10, 7, 4, 3, 3, 4, 19, 31.0000, 31.0000, 17.7143, 1.7500, 2.5000, 1.7500, 0.4286, 0.7500, 1.0000, 0.7500, 1.0000, 0.5714, 4.7500, 2.7143
219, 9, 19, 16, 9, 7, 6, 9, 30, 24.3333, 24.3333, 13.6875, 1.7778, 2.1111, 1.7778, 0.4375, 0.7778, 1.0000, 0.6667, 1.0000, 0.5625, 3.3333, 1.8750
Plant biology
128, 6, 13, 8, 6, 2, 2, 2, 20, 21.3333, 21.3333, 16.0000, 1.3333, 2.1667, 1.3333, 0.2500, 0.3333, 1.0000, 0.3333, 0.3333, 0.2500, 3.3333, 2.5000
155, 6, 12, 9, 7, 2, 1, 3, 24, 25.8333, 22.1429, 17.2222, 1.5000, 1.7143, 1.2857, 0.2222, 0.2857, 1.1667, 0.1429, 0.4286, 0.3333, 3.4286, 2.6667
Neuroscience
131, 3, 10, 8, 3, 5, 3, 8, 18, 43.6667, 43.6667, 16.3750, 2.6667, 3.3333, 2.6667, 0.6250, 1.6667, 1.0000, 1.0000, 2.6667, 1.0000, 6.0000, 2.2500
260, 9, 21, 19, 9, 10, 5, 9, 39, 28.8889, 28.8889, 13.6842, 2.1111, 2.3333, 2.1111, 0.5263, 1.1111, 1.0000, 0.5556, 1.0000, 0.4737, 4.3333, 2.0526
Earth, atmospheric, and planetary sciences
118, 5, 9, 6, 5, 1, 0, 4, 12, 23.6000, 23.6000, 19.6667, 1.2000, 1.8000, 1.2000, 0.1667, 0.2000, 1.0000, 0, 0.8000, 0.6667, 2.4000, 2.0000
161, 8, 13, 10, 9, 1, 1, 6, 21, 20.1250, 17.8889, 16.1000, 1.2500, 1.4444, 1.1111, 0.1000, 0.1111, 1.1250, 0.1111, 0.6667, 0.6000, 2.3333, 2.1000
Pharmacology
70, 3, 6, 3, 3, 0, 0, 2, 8, 23.3333, 23.3333, 23.3333, 1.0000, 2.0000, 1.0000, 0, 0, 1.0000, 0, 0.6667, 0.6667, 2.6667, 2.6667
153, 6, 11, 8, 6, 2, 2, 3, 21, 25.5000, 25.5000, 19.1250, 1.3333, 1.8333, 1.3333, 0.2500, 0.3333, 1.0000, 0.3333, 0.5000, 0.3750, 3.5000, 2.6250
Pharmacology
122.0, 7.0, 13.0, 7.0, 6.0, 1.0, 1.0, 4.0, 18.0, 17.4286, 20.3333, 17.4286, 1.0, 2.1667, 1.1667, 0.1429, 0.1667, 0.8571, 0.1667, 0.6667, 0.5714, 3.0, 2.5714
249.0, 14.0, 23.0, 15.0, 14.0, 4.0, 3.0, 6.0, 37.0, 17.7857, 17.7857, 16.6, 1.0714, 1.6429, 1.0714, 0.2667, 0.2857, 1.0, 0.2143, 0.4286, 0.4, 2.6429, 2.4667
Psychological and cognitive sciences
121, 7, 14, 10, 7, 3, 3, 6, 19, 17.2857, 17.2857, 12.1000, 1.4286, 2.0000, 1.4286, 0.3000, 0.4286, 1.0000, 0.4286, 0.8571, 0.6000, 2.7143, 1.9000
225, 11, 25, 22, 12, 11, 7, 10, 34, 20.4545, 18.7500, 10.2273, 2.0000, 2.0833, 1.8333, 0.5000, 0.9167, 1.0909, 0.5833, 0.8333, 0.4545, 2.8333, 1.5455
Computer sciences
126, 6, 18, 14, 6, 9, 6, 1, 21, 21.0000, 21.0000, 9.0000, 2.3333, 3.0000, 2.3333, 0.6429, 1.5000, 1.0000, 1.0000, 0.1667, 0.0714, 3.5000, 1.5000
129, 6, 18, 12, 6, 6, 5, 3, 20, 21.5000, 21.5000, 10.7500, 2.0000, 3.0000, 2.0000, 0.5000, 1.0000, 1.0000, 0.8333, 0.5000, 0.2500, 3.3333, 1.6667
Statistics
120, 5, 16, 11, 5, 6, 4, 6, 20, 24.0000, 24.0000, 10.9091, 2.2000, 3.2000, 2.2000, 0.5455, 1.2000, 1.0000, 0.8000, 1.2000, 0.5455, 4.0000, 1.8182
244, 10, 21, 14, 13, 1, 1, 10, 32, 24.4000, 18.7692, 17.4286, 1.4000, 1.6154, 1.0769, 0.0714, 0.0769, 1.3000, 0.0769, 0.7692, 0.7143, 2.4615, 2.2857
Biochemistry
111, 4, 10, 7, 4, 4, 4, 3, 17, 27.7500, 27.7500, 15.8571, 1.7500, 2.5000, 1.7500, 0.5714, 1.0000, 1.0000, 1.0000, 0.7500, 0.4286, 4.2500, 2.4286
261, 11, 27, 19, 11, 9, 7, 6, 40, 23.7273, 23.7273, 13.7368, 1.7273, 2.4545, 1.7273, 0.4737, 0.8182, 1.0000, 0.6364, 0.5455, 0.3158, 3.6364, 2.1053
Neuroscience
118.0, 6.0, 10.0, 9.0, 7.0, 2.0, 2.0, 4.0, 16.0, 19.6667, 16.8571, 13.1111, 1.5, 1.4286, 1.2857, 0.2222, 0.2857, 1.1667, 0.2857, 0.5714, 0.4444, 2.2857, 1.7778
243.0, 9.0, 16.0, 12.0, 9.0, 3.0, 3.0, 7.0, 37.0, 27.0, 27.0, 20.25, 1.3333, 1.7778, 1.3333, 0.25, 0.3333, 1.0, 0.3333, 0.7778, 0.5833, 4.1111, 3.0833
Agricultural sciences
106, 4, 12, 6, 4, 3, 3, 2, 21, 26.5000, 26.5000, 17.6667, 1.5000, 3.0000, 1.5000, 0.5000, 0.7500, 1.0000, 0.7500, 0.5000, 0.3333, 5.2500, 3.5000
190, 7, 13, 8, 8, 0, 0, 8, 34, 27.1429, 23.7500, 23.7500, 1.1429, 1.6250, 1.0000, 0, 0, 1.1429, 0, 1.0000, 1.0000, 4.2500, 4.2500
Economic sciences
119, 8, 19, 15, 9, 7, 6, 1, 12, 14.8750, 13.2222, 7.9333, 1.8750, 2.1111, 1.6667, 0.4667, 0.7778, 1.1250, 0.6667, 0.1111, 0.0667, 1.3333, 0.8000
224, 9, 23, 17, 13, 7, 5, 6, 34, 24.8889, 17.2308, 13.1765, 1.8889, 1.7692, 1.3077, 0.4118, 0.5385, 1.4444, 0.3846, 0.4615, 0.3529, 2.6154, 2.0000
Psychological and cognitive sciences
120, 4, 13, 9, 5, 4, 4, 3, 21, 30.0000, 24.0000, 13.3333, 2.2500, 2.6000, 1.8000, 0.4444, 0.8000, 1.2500, 0.8000, 0.6000, 0.3333, 4.2000, 2.3333
251, 8, 19, 14, 11, 3, 3, 5, 42, 31.3750, 22.8182, 17.9286, 1.7500, 1.7273, 1.2727, 0.2143, 0.2727, 1.3750, 0.2727, 0.4545, 0.3571, 3.8182, 3.0000
Psychological and cognitive sciences
121, 7, 17, 10, 7, 4, 3, 3, 15, 17.2857, 17.2857, 12.1000, 1.4286, 2.4286, 1.4286, 0.4000, 0.5714, 1.0000, 0.4286, 0.4286, 0.3000, 2.1429, 1.5000
247, 10, 27, 17, 11, 5, 5, 8, 27, 24.7000, 22.4545, 14.5294, 1.7000, 2.4545, 1.5455, 0.2941, 0.4545, 1.1000, 0.4545, 0.7273, 0.4706, 2.4545, 1.5882
Medical sciences
115, 6, 16, 10, 6, 4, 2, 3, 15, 19.1667, 19.1667, 11.5000, 1.6667, 2.6667, 1.6667, 0.4000, 0.6667, 1.0000, 0.3333, 0.5000, 0.3000, 2.5000, 1.5000
242, 11, 26, 17, 13, 4, 3, 5, 36, 22.0000, 18.6154, 14.2353, 1.5455, 2.0000, 1.3077, 0.2353, 0.3077, 1.1818, 0.2308, 0.3846, 0.2941, 2.7692, 2.1176
Biochemistry
61, 3, 6, 5, 3, 2, 1, 1, 6, 20.3333, 20.3333, 12.2000, 1.6667, 2.0000, 1.6667, 0.4000, 0.6667, 1.0000, 0.3333, 0.3333, 0.2000, 2.0000, 1.2000
168, 6, 16, 10, 6, 4, 4, 3, 24, 28.0000, 28.0000, 16.8000, 1.6667, 2.6667, 1.6667, 0.4000, 0.6667, 1.0000, 0.6667, 0.5000, 0.3000, 4.0000, 2.4000
Earth, atmospheric, and planetary sciences
118, 5, 10, 7, 5, 3, 2, 2, 21, 23.6000, 23.6000, 16.8571, 1.4000, 2.0000, 1.4000, 0.4286, 0.6000, 1.0000, 0.4000, 0.4000, 0.2857, 4.2000, 3.0000
272, 10, 17, 12, 10, 2, 1, 8, 36, 27.2000, 27.2000, 22.6667, 1.2000, 1.7000, 1.2000, 0.1667, 0.2000, 1.0000, 0.1000, 0.8000, 0.6667, 3.6000, 3.0000
Pharmacology
122, 5, 8, 8, 6, 2, 2, 3, 19, 24.4000, 20.3333, 15.2500, 1.6000, 1.3333, 1.3333, 0.2500, 0.3333, 1.2000, 0.3333, 0.5000, 0.3750, 3.1667, 2.3750
189, 8, 13, 11, 8, 4, 3, 7, 30, 23.6250, 23.6250, 17.1818, 1.3750, 1.6250, 1.3750, 0.3636, 0.5000, 1.0000, 0.3750, 0.8750, 0.6364, 3.7500, 2.7273
Earth, atmospheric, and planetary sciences
124, 6, 14, 9, 6, 3, 1, 3, 15, 20.6667, 20.6667, 13.7778, 1.5000, 2.3333, 1.5000, 0.3333, 0.5000, 1.0000, 0.1667, 0.5000, 0.3333, 2.5000, 1.6667
263, 10, 26, 18, 11, 8, 8, 6, 31, 26.3000, 23.9091, 14.6111, 1.8000, 2.3636, 1.6364, 0.4444, 0.7273, 1.1000, 0.7273, 0.5455, 0.3333, 2.8182, 1.7222
Chemistry
136, 5, 12, 6, 5, 1, 1, 3, 19, 27.2000, 27.2000, 22.6667, 1.2000, 2.4000, 1.2000, 0.1667, 0.2000, 1.0000, 0.2000, 0.6000, 0.5000, 3.8000, 3.1667
254, 9, 16, 10, 9, 1, 1, 3, 35, 28.2222, 28.2222, 25.4000, 1.1111, 1.7778, 1.1111, 0.1000, 0.1111, 1.0000, 0.1111, 0.3333, 0.3000, 3.8889, 3.5000
Environmental sciences
127, 4, 9, 8, 4, 5, 3, 4, 22, 31.7500, 31.7500, 15.8750, 2.0000, 2.2500, 2.0000, 0.6250, 1.2500, 1.0000, 0.7500, 1.0000, 0.5000, 5.5000, 2.7500
250, 9, 21, 19, 10, 9, 7, 9, 37, 27.7778, 25.0000, 13.1579, 2.1111, 2.1000, 1.9000, 0.4737, 0.9000, 1.1111, 0.7000, 0.9000, 0.4737, 3.7000, 1.9474
Developmental biology
120, 5, 13, 9, 5, 4, 3, 2, 22, 24.0000, 24.0000, 13.3333, 1.8000, 2.6000, 1.8000, 0.4444, 0.8000, 1.0000, 0.6000, 0.4000, 0.2222, 4.4000, 2.4444
219, 8, 27, 19, 9, 11, 5, 3, 33, 27.3750, 24.3333, 11.5263, 2.3750, 3.0000, 2.1111, 0.5789, 1.2222, 1.1250, 0.5556, 0.3333, 0.1579, 3.6667, 1.7368
Plant biology
128, 6, 15, 9, 6, 3, 2, 3, 16, 21.3333, 21.3333, 14.2222, 1.5000, 2.5000, 1.5000, 0.3333, 0.5000, 1.0000, 0.3333, 0.5000, 0.3333, 2.6667, 1.7778
165, 8, 16, 12, 10, 3, 3, 6, 24, 20.6250, 16.5000, 13.7500, 1.5000, 1.6000, 1.2000, 0.2500, 0.3000, 1.2500, 0.3000, 0.6000, 0.5000, 2.4000, 2.0000
Immunology and inflammation
67, 3, 5, 4, 3, 1, 1, 4, 8, 22.3333, 22.3333, 16.7500, 1.3333, 1.6667, 1.3333, 0.2500, 0.3333, 1.0000, 0.3333, 1.3333, 1.0000, 2.6667, 2.0000
249, 12, 20, 16, 13, 4, 3, 12, 36, 20.7500, 19.1538, 15.5625, 1.3333, 1.5385, 1.2308, 0.2500, 0.3077, 1.0833, 0.2308, 0.9231, 0.7500, 2.7692, 2.2500
Developmental biology
114, 6, 10, 7, 6, 1, 1, 8, 17, 19, 19, 16.2857, 1.1667, 1.6667, 0.1429, 0.1667, 0.1429, 0.1667, 1, 0.1667, 1.3333, 1.1429, 2.8333, 2.4286
152, 7, 13, 11, 7, 4, 3, 9, 22, 21.7143, 21.7143, 13.8182, 1.5714, 1.8571, 1.5714, 0.3636, 0.5714, 1, 0.4286, 1.2857, 0.8182, 3.1429, 2
Psychological and cognitive sciences
124, 5, 13, 8, 5, 3, 3, 4, 23, 24.8000, 24.8000, 15.5000, 1.6000, 2.6000, 1.6000, 0.3750, 0.6000, 1.0000, 0.6000, 0.8000, 0.5000, 4.6000, 2.8750
200, 7, 22, 15, 8, 8, 6, 7, 38, 28.5714, 25.0000, 13.3333, 2.1429, 2.7500, 1.8750, 0.5333, 1.0000, 1.1429, 0.7500, 0.8750, 0.4667, 4.7500, 2.5333
Ecology
99, 5, 8, 5, 5, 0, 0, 5, 15, 19.8000, 19.8000, 19.8000, 1.0000, 1.6000, 1.0000, 0, 0, 1.0000, 0, 1.0000, 1.0000, 3.0000, 3.0000
271, 10, 20, 14, 12, 3, 2, 7, 46, 27.1000, 22.5833, 19.3571, 1.4000, 1.6667, 1.1667, 0.2143, 0.2500, 1.2000, 0.1667, 0.5833, 0.5000, 3.8333, 3.2857
Medical sciences
113, 4, 9, 5, 4, 1, 1, 2, 18, 28.2500, 28.2500, 22.6000, 1.2500, 2.2500, 1.2500, 0.2000, 0.2500, 1.0000, 0.2500, 0.5000, 0.4000, 4.5000, 3.6000
251, 8, 14, 13, 7, 6, 5, 5, 43, 31.3750, 35.8571, 19.3077, 1.6250, 2.0000, 1.8571, 0.4615, 0.8571, 0.8750, 0.7143, 0.7143, 0.3846, 6.1429, 3.3077
Biochemistry
106, 5, 10, 8, 5, 3, 3, 2, 18, 21.2000, 21.2000, 13.2500, 1.6000, 2.0000, 1.6000, 0.3750, 0.6000, 1.0000, 0.6000, 0.4000, 0.2500, 3.6000, 2.2500
159, 5, 15, 10, 5, 5, 5, 5, 26, 31.8000, 31.8000, 15.9000, 2.0000, 3.0000, 2.0000, 0.5000, 1.0000, 1.0000, 1.0000, 1.0000, 0.5000, 5.2000, 2.6000
Pharmacology
96, 5, 7, 6, 5, 1, 1, 3, 14, 19.2000, 19.2000, 16.0000, 1.2000, 1.4000, 1.2000, 0.1667, 0.2000, 1.0000, 0.2000, 0.6000, 0.5000, 2.8000, 2.3333
261, 10, 19, 14, 11, 3, 3, 9, 37, 26.1000, 23.7273, 18.6429, 1.4000, 1.7273, 1.2727, 0.2143, 0.2727, 1.1000, 0.2727, 0.8182, 0.6429, 3.3636, 2.6429
Biophysics and computational biology
132, 4, 19, 11, 5, 6, 4, 2, 21, 33.0000, 26.4000, 12.0000, 2.7500, 3.8000, 2.2000, 0.5455, 1.2000, 1.2500, 0.8000, 0.4000, 0.1818, 4.2000, 1.9091
249, 8, 27, 18, 12, 6, 7, 8, 40, 31.1250, 20.7500, 13.8333, 2.2500, 2.2500, 1.5000, 0.3333, 0.5000, 1.5000, 0.5833, 0.6667, 0.4444, 3.3333, 2.2222
Neuroscience
92, 4, 9, 5, 5, 0, 0, 2, 12, 23.0000, 18.4000, 18.4000, 1.2500, 1.8000, 1.0000, 0, 0, 1.2500, 0, 0.4000, 0.4000, 2.4000, 2.4000
183, 7, 19, 14, 8, 7, 5, 1, 25, 26.1429, 22.8750, 13.0714, 2.0000, 2.3750, 1.7500, 0.5000, 0.8750, 1.1429, 0.6250, 0.1250, 0.0714, 3.1250, 1.7857
Computer sciences
87, 4, 7, 5, 4, 2, 2, 5, 11, 21.7500, 21.7500, 17.4000, 1.2500, 1.7500, 1.2500, 0.4000, 0.5000, 1.0000, 0.5000, 1.2500, 1.0000, 2.7500, 2.2000
164, 6, 14, 9, 6, 2, 2, 4, 19, 27.3333, 27.3333, 18.2222, 1.5000, 2.3333, 1.5000, 0.2222, 0.3333, 1.0000, 0.3333, 0.6667, 0.4444, 3.1667, 2.1111
Psychological and cognitive sciences
122, 6, 14, 9, 6, 2, 2, 2, 13, 20.3333, 20.3333, 13.5556, 1.5000, 2.3333, 1.5000, 0.2222, 0.3333, 1.0000, 0.3333, 0.3333, 0.2222, 2.1667, 1.4444
284, 11, 24, 16, 12, 5, 5, 12, 45, 25.8182, 23.6667, 17.7500, 1.4545, 2.0000, 1.3333, 0.3125, 0.4167, 1.0909, 0.4167, 1.0000, 0.7500, 3.7500, 2.8125
Ecology
105, 5, 12, 8, 6, 4, 3, 5, 22, 21.0000, 17.5000, 13.1250, 1.6000, 2.0000, 1.3333, 0.5000, 0.6667, 1.2000, 0.5000, 0.8333, 0.6250, 3.6667, 2.7500
165, 9, 19, 14, 10, 6, 3, 6, 30, 18.3333, 16.5000, 11.7857, 1.5556, 1.9000, 1.4000, 0.4286, 0.6000, 1.1111, 0.3000, 0.6000, 0.4286, 3.0000, 2.1429
Earth, atmospheric, and planetary sciences
102, 4, 10, 6, 4, 2, 2, 2, 14, 25.5000, 25.5000, 17.0000, 1.5000, 2.5000, 1.5000, 0.3333, 0.5000, 1.0000, 0.5000, 0.5000, 0.3333, 3.5000, 2.3333
137, 8, 12, 9, 8, 1, 1, 2, 21, 17.1250, 17.1250, 15.2222, 1.1250, 1.5000, 1.1250, 0.1111, 0.1250, 1.0000, 0.1250, 0.2500, 0.2222, 2.6250, 2.3333
Applied Mathematics
99, 5, 16, 9, 6, 4, 3, 2, 21, 19.8000, 16.5000, 11.0000, 1.8000, 2.6667, 1.5000, 0.4444, 0.6667, 1.2000, 0.5000, 0.3333, 0.2222, 3.5000, 2.3333
190, 10, 20, 13, 10, 4, 3, 5, 32, 19.0000, 19.0000, 14.6154, 1.3000, 2.0000, 1.3000, 0.3077, 0.4000, 1.0000, 0.3000, 0.5000, 0.3846, 3.2000, 2.4615
Earth, Atmospheric, And Planetary Sciences
76, 3, 7, 6, 3, 3, 2, 3, 11, 25.3333, 25.3333, 12.6667, 2.0000, 2.3333, 2.0000, 0.5000, 1.0000, 1.0000, 0.6667, 1.0000, 0.5000, 3.6667, 1.8333
234, 9, 22, 16, 9, 7, 3, 4, 42, 26.0000, 26.0000, 14.6250, 1.7778, 2.4444, 1.7778, 0.4375, 0.7778, 1.0000, 0.3333, 0.4444, 0.2500, 4.6667, 2.6250
Biophysics and Computational Biology
132, 5, 12, 8, 6, 2, 2, 2, 19, 26.4000, 22.0000, 16.5000, 1.6000, 2.0000, 1.3333, 0.2500, 0.3333, 1.2000, 0.3333, 0.3333, 0.2500, 3.1667, 2.3750
287, 9, 13, 10, 7, 3, 1, 6, 39, 31.8889, 41.0000, 28.7000, 1.1111, 1.8571, 1.4286, 0.3000, 0.4286, 0.7778, 0.1429, 0.8571, 0.6000, 5.5714, 3.9000
Economic Sciences
130, 5, 13, 7, 5, 2, 2, 4, 24, 26.0000, 26.0000, 18.5714, 1.4000, 2.6000, 1.4000, 0.2857, 0.4000, 1.0000, 0.4000, 0.8000, 0.5714, 4.8000, 3.4286
235, 7, 19, 11, 7, 2, 2, 12, 36, 33.5714, 33.5714, 21.3636, 1.5714, 2.7143, 1.5714, 0.1818, 0.2857, 1.0000, 0.2857, 1.7143, 1.0909, 5.1429, 3.2727
Applied Physical Sciences
123, 3, 13, 11, 4, 7, 4, 1, 17, 41.0000, 30.7500, 11.1818, 3.6667, 3.2500, 2.7500, 0.6364, 1.7500, 1.3333, 1.0000, 0.2500, 0.0909, 4.2500, 1.5455
121, 5, 16, 11, 5, 7, 5, 2, 18, 24.2000, 24.2000, 11.0000, 2.2000, 3.2000, 2.2000, 0.6364, 1.4000, 1.0000, 1.0000, 0.4000, 0.1818, 3.6000, 1.6364
Economic Sciences
112, 5, 15, 8, 5, 4, 3, 0, 18, 22.4000, 22.4000, 14.0000, 1.6000, 3.0000, 1.6000, 0.5000, 0.8000, 1.0000, 0.6000, 0, 0, 3.6000, 2.2500
258, 9, 20, 12, 9, 3, 2, 7, 41, 28.6667, 28.6667, 21.5000, 1.3333, 2.2222, 1.3333, 0.2500, 0.3333, 1.0000, 0.2222, 0.7778, 0.5833, 4.5556, 3.4167
Agricultural Sciences
124, 5, 15, 7, 5, 3, 2, 8, 20, 24.8000, 24.8000, 17.7143, 1.4000, 3.0000, 1.4000, 0.4286, 0.6000, 1.0000, 0.4000, 1.6000, 1.1429, 4.0000, 2.8571
156, 7, 14, 8, 7, 1, 1, 10, 22, 22.2857, 22.2857, 19.5000, 1.1429, 2.0000, 1.1429, 0.1250, 0.1429, 1.0000, 0.1429, 1.4286, 1.2500, 3.1429, 2.7500
Chemistry
119, 5, 12, 10, 6, 4, 3, 4, 20, 23.8000, 19.8333, 11.9000, 2.0000, 2.0000, 1.6667, 0.4000, 0.6667, 1.2000, 0.5000, 0.6667, 0.4000, 3.3333, 2.0000
86, 2, 8, 6, 2, 4, 2, 2, 18, 43.0000, 43.0000, 14.3333, 3.0000, 4.0000, 3.0000, 0.6667, 2.0000, 1.0000, 1.0000, 1.0000, 0.3333, 9.0000, 3.0000
Neuroscience
113, 4, 11, 7, 4, 4, 4, 7, 22, 28.2500, 28.2500, 16.1429, 1.7500, 2.7500, 1.7500, 0.5714, 1.0000, 1.0000, 1.0000, 1.7500, 1.0000, 5.5000, 3.1429
259, 10, 17, 13, 10, 4, 3, 11, 42, 25.9000, 25.9000, 19.9231, 1.3000, 1.7000, 1.3000, 0.3077, 0.4000, 1.0000, 0.3000, 1.1000, 0.8462, 4.2000, 3.2308
Economic Sciences
93, 4, 8, 6, 4, 2, 2, 3, 17, 23.2500, 23.2500, 15.5000, 1.5000, 2.0000, 1.5000, 0.3333, 0.5000, 1.0000, 0.5000, 0.7500, 0.5000, 4.2500, 2.8333
216, 9, 16, 11, 9, 3, 3, 6, 33, 24.0000, 24.0000, 19.6364, 1.2222, 1.7778, 1.2222, 0.2727, 0.3333, 1.0000, 0.3333, 0.6667, 0.5455, 3.6667, 3.0000
Psychological and Cognitive Sciences
124, 6, 14, 9, 6, 2, 2, 5, 9, 20.6667, 20.6667, 13.7778, 1.5000, 2.3333, 1.5000, 0.2222, 0.3333, 1.0000, 0.3333, 0.8333, 0.5556, 1.5000, 1.0000
268, 12, 25, 18, 13, 4, 4, 8, 30, 22.3333, 20.6154, 14.8889, 1.5000, 1.9231, 1.3846, 0.2222, 0.3077, 1.0833, 0.3077, 0.6154, 0.4444, 2.3077, 1.6667
Astronomy
117, 6, 14, 11, 8, 4, 4, 3, 17, 19.5000, 14.6250, 10.6364, 1.8333, 1.7500, 1.3750, 0.3636, 0.5000, 1.3333, 0.5000, 0.3750, 0.2727, 2.1250, 1.5455
205, 9, 16, 12, 10, 2, 2, 10, 39, 22.7778, 20.5000, 17.0833, 1.3333, 1.6000, 1.2000, 0.1667, 0.2000, 1.1111, 0.2000, 1.0000, 0.8333, 3.9000, 3.2500
Applied Biological Sciences
96, 4, 10, 7, 4, 3, 3, 0, 14, 24.0000, 24.0000, 13.7143, 1.7500, 2.5000, 1.7500, 0.4286, 0.7500, 1.0000, 0.7500, 0, 0, 3.5000, 2.0000
249, 8, 14, 11, 9, 2, 2, 5, 43, 31.1250, 27.6667, 22.6364, 1.3750, 1.5556, 1.2222, 0.1818, 0.2222, 1.1250, 0.2222, 0.5556, 0.4545, 4.7778, 3.9091
Biophysics and Computational Biology
118, 4, 13, 8, 6, 2, 2, 1, 16, 29.5000, 19.6667, 14.7500, 2.0000, 2.1667, 1.3333, 0.2500, 0.3333, 1.5000, 0.3333, 0.1667, 0.1250, 2.6667, 2.0000
224, 8, 17, 10, 10, 0, 0, 6, 33, 28.0000, 22.4000, 22.4000, 1.2500, 1.7000, 1.0000, 0, 0, 1.2500, 0, 0.6000, 0.6000, 3.3000, 3.3000
Biophysics and Computational Biology
127, 5, 11, 8, 5, 3, 3, 4, 24, 25.4000, 25.4000, 15.8750, 1.6000, 2.2000, 1.6000, 0.3750, 0.6000, 1.0000, 0.6000, 0.8000, 0.5000, 4.8000, 3.0000
278, 10, 26, 14, 11, 2, 2, 10, 40, 27.8000, 25.2727, 19.8571, 1.4000, 2.3636, 1.2727, 0.1429, 0.1818, 1.1000, 0.1818, 0.9091, 0.7143, 3.6364, 2.8571
Psychological and Cognitive Sciences
121, 5, 17, 11, 6, 6, 5, 3, 20, 24.2000, 20.1667, 11.0000, 2.2000, 2.8333, 1.8333, 0.5455, 1.0000, 1.2000, 0.8333, 0.5000, 0.2727, 3.3333, 1.8182
238, 9, 27, 17, 10, 8, 6, 7, 33, 26.4444, 23.8000, 14.0000, 1.8889, 2.7000, 1.7000, 0.4706, 0.8000, 1.1111, 0.6000, 0.7000, 0.4118, 3.3000, 1.9412
Psychological and Cognitive Sciences
122, 7, 8, 6, 6, 0, 0, 6, 21, 17.4286, 20.3333, 20.3333, 0.8571, 1.3333, 1.0000, 0, 0, 0.8571, 0, 1.0000, 1.0000, 3.5000, 3.5000
186, 10, 15, 10, 10, 1, 1, 13, 28, 18.6000, 18.6000, 18.6000, 1.0000, 1.5000, 1.0000, 0.1000, 0.1000, 1.0000, 0.1000, 1.3000, 1.3000, 2.8000, 2.8000
Biochemistry
89, 3, 7, 3, 3, 1, 1, 3, 15, 29.6667, 29.6667, 29.6667, 1.0000, 2.3333, 1.0000, 0.3333, 0.3333, 1.0000, 0.3333, 1.0000, 1.0000, 5.0000, 5.0000
184, 7, 13, 8, 7, 1, 1, 4, 29, 26.2857, 26.2857, 23.0000, 1.1429, 1.8571, 1.1429, 0.1250, 0.1429, 1.0000, 0.1429, 0.5714, 0.5000, 4.1429, 3.6250
Biochemistry
123, 6, 12, 8, 6, 2, 2, 2, 23, 20.5000, 20.5000, 15.3750, 1.3333, 2.0000, 1.3333, 0.2500, 0.3333, 1.0000, 0.3333, 0.3333, 0.2500, 3.8333, 2.8750
256, 14, 22, 17, 13, 4, 3, 7, 46, 18.2857, 19.6923, 15.0588, 1.2143, 1.6923, 1.3077, 0.2353, 0.3077, 0.9286, 0.2308, 0.5385, 0.4118, 3.5385, 2.7059
Evolution
120, 5, 18, 9, 7, 3, 2, 1, 14, 24.0000, 17.1429, 13.3333, 1.8000, 2.5714, 1.2857, 0.3333, 0.4286, 1.4000, 0.2857, 0.1429, 0.1111, 2.0000, 1.5556
269, 12, 24, 15, 15, 3, 4, 9, 40, 22.4167, 17.9333, 17.9333, 1.2500, 1.6000, 1.0000, 0.2000, 0.2000, 1.2500, 0.2667, 0.6000, 0.6000, 2.6667, 2.6667
Environmental Sciences
125, 6, 14, 9, 6, 3, 3, 4, 19, 20.8333, 20.8333, 13.8889, 1.5000, 2.3333, 1.5000, 0.3333, 0.5000, 1.0000, 0.5000, 0.6667, 0.4444, 3.1667, 2.1111
253, 14, 35, 26, 14, 12, 8, 4, 28, 18.0714, 18.0714, 9.7308, 1.8571, 2.5000, 1.8571, 0.4615, 0.8571, 1.0000, 0.5714, 0.2857, 0.1538, 2.0000, 1.0769
Computer Sciences
99, 4, 11, 8, 4, 4, 3, 3, 16, 24.7500, 24.7500, 12.3750, 2.0000, 2.7500, 2.0000, 0.5000, 1.0000, 1.0000, 0.7500, 0.7500, 0.3750, 4.0000, 2.0000
160, 6, 14, 10, 7, 3, 4, 6, 21, 26.6667, 22.8571, 16.0000, 1.6667, 2.0000, 1.4286, 0.3000, 0.4286, 1.1667, 0.5714, 0.8571, 0.6000, 3.0000, 2.1000
Ecology
119, 5, 15, 10, 6, 5, 4, 4, 22, 23.8000, 19.8333, 11.9000, 2.0000, 2.5000, 1.6667, 0.5000, 0.8333, 1.2000, 0.6667, 0.6667, 0.4000, 3.6667, 2.2000
196, 8, 23, 17, 9, 8, 5, 6, 27, 24.5000, 21.7778, 11.5294, 2.1250, 2.5556, 1.8889, 0.4706, 0.8889, 1.1250, 0.5556, 0.6667, 0.3529, 3.0000, 1.5882
Evolution
127, 7, 10, 8, 7, 2, 2, 4, 22, 18.1429, 18.1429, 15.8750, 1.1429, 1.4286, 1.1429, 0.2500, 0.2857, 1.0000, 0.2857, 0.5714, 0.5000, 3.1429, 2.7500
201, 7, 17, 13, 7, 5, 5, 4, 33, 28.7143, 28.7143, 15.4615, 1.8571, 2.4286, 1.8571, 0.3846, 0.7143, 1.0000, 0.7143, 0.5714, 0.3077, 4.7143, 2.5385
Neuroscience
119, 4, 9, 8, 4, 4, 2, 3, 16, 29.7500, 29.7500, 14.8750, 2.0000, 2.2500, 2.0000, 0.5000, 1.0000, 1.0000, 0.5000, 0.7500, 0.3750, 4.0000, 2.0000
218, 10, 17, 13, 10, 4, 4, 5, 36, 21.8000, 21.8000, 16.7692, 1.3000, 1.7000, 1.3000, 0.3077, 0.4000, 1.0000, 0.4000, 0.5000, 0.3846, 3.6000, 2.7692
Agricultural Sciences
122, 6, 9, 8, 5, 3, 2, 4, 18, 20.3333, 24.4000, 15.2500, 1.3333, 1.8000, 1.6000, 0.3750, 0.6000, 0.8333, 0.4000, 0.8000, 0.5000, 3.6000, 2.2500
253, 10, 24, 15, 10, 5, 5, 7, 41, 25.3000, 25.3000, 16.8667, 1.5000, 2.4000, 1.5000, 0.3333, 0.5000, 1.0000, 0.5000, 0.7000, 0.4667, 4.1000, 2.7333
Cell Biology
110, 5, 12, 8, 5, 2, 2, 3, 21, 22.0000, 22.0000, 13.7500, 1.6000, 2.4000, 1.6000, 0.2500, 0.4000, 1.0000, 0.4000, 0.6000, 0.3750, 4.2000, 2.6250
209, 7, 21, 12, 7, 6, 4, 6, 32, 29.8571, 29.8571, 17.4167, 1.7143, 3.0000, 1.7143, 0.5000, 0.8571, 1.0000, 0.5714, 0.8571, 0.5000, 4.5714, 2.6667
Neuroscience
109, 4, 8, 6, 4, 2, 2, 1, 20, 27.2500, 27.2500, 18.1667, 1.5000, 2.0000, 1.5000, 0.3333, 0.5000, 1.0000, 0.5000, 0.2500, 0.1667, 5.0000, 3.3333
174, 7, 13, 10, 7, 3, 3, 5, 28, 24.8571, 24.8571, 17.4000, 1.4286, 1.8571, 1.4286, 0.3000, 0.4286, 1.0000, 0.4286, 0.7143, 0.5000, 4.0000, 2.8000
Biophysics and Computational Biology
98, 4, 10, 7, 5, 2, 2, 3, 12, 24.5000, 19.6000, 14.0000, 1.7500, 2.0000, 1.4000, 0.2857, 0.4000, 1.2500, 0.4000, 0.6000, 0.4286, 2.4000, 1.7143
194, 8, 21, 13, 9, 5, 3, 2, 28, 24.2500, 21.5556, 14.9231, 1.6250, 2.3333, 1.4444, 0.3846, 0.5556, 1.1250, 0.3333, 0.2222, 0.1538, 3.1111, 2.1538
Computer Sciences
122, 6, 12, 9, 6, 3, 2, 3, 19, 20.3333, 20.3333, 13.5556, 1.5000, 2.0000, 1.5000, 0.3333, 0.5000, 1.0000, 0.3333, 0.5000, 0.3333, 3.1667, 2.1111
174, 7, 14, 12, 9, 3, 3, 6, 31, 24.8571, 19.3333, 14.5000, 1.7143, 1.5556, 1.3333, 0.2500, 0.3333, 1.2857, 0.3333, 0.6667, 0.5000, 3.4444, 2.5833
Biochemistry
66, 3, 6, 4, 3, 1, 1, 2, 9, 22.0000, 22.0000, 16.5000, 1.3333, 2.0000, 1.3333, 0.2500, 0.3333, 1.0000, 0.3333, 0.6667, 0.5000, 3.0000, 2.2500
190, 9, 12, 10, 9, 2, 2, 3, 29, 21.1111, 21.1111, 19.0000, 1.1111, 1.3333, 1.1111, 0.2000, 0.2222, 1.0000, 0.2222, 0.3333, 0.3000, 3.2222, 2.9000
Immunology and Inflammation
115, 5, 10, 8, 6, 2, 2, 4, 21, 23.0000, 19.1667, 14.3750, 1.6000, 1.6667, 1.3333, 0.2500, 0.3333, 1.2000, 0.3333, 0.6667, 0.5000, 3.5000, 2.6250
233, 9, 18, 14, 11, 3, 3, 14, 27, 25.8889, 21.1818, 16.6429, 1.5556, 1.6364, 1.2727, 0.2143, 0.2727, 1.2222, 0.2727, 1.2727, 1.0000, 2.4545, 1.9286
Systems Biology
128, 4, 7, 5, 4, 1, 1, 6, 18, 32.0000, 32.0000, 25.6000, 1.2500, 1.7500, 1.2500, 0.2000, 0.2500, 1.0000, 0.2500, 1.5000, 1.2000, 4.5000, 3.6000
247, 9, 18, 11, 9, 2, 2, 8, 34, 27.4444, 27.4444, 22.4545, 1.2222, 2.0000, 1.2222, 0.1818, 0.2222, 1.0000, 0.2222, 0.8889, 0.7273, 3.7778, 3.0909
Earth, Atmospheric, And Planetary Sciences
125, 5, 11, 9, 5, 4, 4, 4, 20, 25.0000, 25.0000, 13.8889, 1.8000, 2.2000, 1.8000, 0.4444, 0.8000, 1.0000, 0.8000, 0.8000, 0.4444, 4.0000, 2.2222
254, 10, 17, 15, 10, 6, 5, 10, 45, 25.4000, 25.4000, 16.9333, 1.5000, 1.7000, 1.5000, 0.4000, 0.6000, 1.0000, 0.5000, 1.0000, 0.6667, 4.5000, 3.0000
Biochemistry
125, 4, 10, 8, 5, 3, 2, 4, 22, 31.2500, 25.0000, 15.6250, 2.0000, 2.0000, 1.6000, 0.3750, 0.6000, 1.2500, 0.4000, 0.8000, 0.5000, 4.4000, 2.7500
264, 12, 25, 19, 14, 5, 5, 5, 37, 22.0000, 18.8571, 13.8947, 1.5833, 1.7857, 1.3571, 0.2632, 0.3571, 1.1667, 0.3571, 0.3571, 0.2632, 2.6429, 1.9474
Sustainability Science
126, 6, 12, 7, 7, 1, 1, 2, 16, 21.0000, 18.0000, 18.0000, 1.1667, 1.7143, 1.0000, 0.1429, 0.1429, 1.1667, 0.1429, 0.2857, 0.2857, 2.2857, 2.2857
277, 12, 26, 15, 12, 5, 5, 8, 43, 23.0833, 23.0833, 18.4667, 1.2500, 2.1667, 1.2500, 0.3333, 0.4167, 1.0000, 0.4167, 0.6667, 0.5333, 3.5833, 2.8667
Applied Physical Sciences
87, 4, 8, 6, 5, 1, 1, 3, 13, 21.7500, 17.4000, 14.5000, 1.5000, 1.6000, 1.2000, 0.1667, 0.2000, 1.2500, 0.2000, 0.6000, 0.5000, 2.6000, 2.1667
176, 7, 15, 9, 8, 0, 0, 8, 30, 25.1429, 22.0000, 19.5556, 1.2857, 1.8750, 1.1250, 0, 0, 1.1429, 0, 1.0000, 0.8889, 3.7500, 3.3333
Neuroscience
110, 6, 10, 8, 8, 1, 1, 3, 13, 18.3333, 13.7500, 13.7500, 1.3333, 1.2500, 1.0000, 0.1250, 0.1250, 1.3333, 0.1250, 0.3750, 0.3750, 1.6250, 1.6250
267, 12, 19, 17, 12, 3, 2, 13, 36, 22.2500, 22.2500, 15.7059, 1.4167, 1.5833, 1.4167, 0.1765, 0.2500, 1.0000, 0.1667, 1.0833, 0.7647, 3.0000, 2.1176
Economic Sciences
122, 5, 16, 8, 5, 3, 3, 2, 15, 24.4000, 24.4000, 15.2500, 1.6000, 3.2000, 1.6000, 0.3750, 0.6000, 1.0000, 0.6000, 0.4000, 0.2500, 3.0000, 1.8750
214, 7, 13, 10, 8, 3, 3, 6, 34, 30.5714, 26.7500, 21.4000, 1.4286, 1.6250, 1.2500, 0.3000, 0.3750, 1.1429, 0.3750, 0.7500, 0.6000, 4.2500, 3.4000
Psychological and Cognitive Sciences
77, 3, 8, 5, 3, 2, 2, 5, 13, 25.6667, 25.6667, 15.4000, 1.6667, 2.6667, 1.6667, 0.4000, 0.6667, 1.0000, 0.6667, 1.6667, 1.0000, 4.3333, 2.6000
168, 5, 21, 14, 5, 5, 3, 4, 27, 33.6000, 33.6000, 12.0000, 2.8000, 4.2000, 2.8000, 0.3571, 1.0000, 1.0000, 0.6000, 0.8000, 0.2857, 5.4000, 1.9286
Biophysics and Computational Biology
89, 5, 11, 9, 5, 5, 1, 2, 14, 17.8000, 17.8000, 9.8889, 1.8000, 2.2000, 1.8000, 0.5556, 1.0000, 1.0000, 0.2000, 0.4000, 0.2222, 2.8000, 1.5556
233, 9, 20, 14, 10, 4, 3, 9, 31, 25.8889, 23.3000, 16.6429, 1.5556, 2.0000, 1.4000, 0.2857, 0.4000, 1.1111, 0.3000, 0.9000, 0.6429, 3.1000, 2.2143
Environmental Sciences
124, 6, 19, 13, 7, 6, 5, 2, 19, 20.6667, 17.7143, 9.5385, 2.1667, 2.7143, 1.8571, 0.4615, 0.8571, 1.1667, 0.7143, 0.2857, 0.1538, 2.7143, 1.4615
260, 13, 29, 20, 14, 6, 5, 3, 45, 20.0000, 18.5714, 13.0000, 1.5385, 2.0714, 1.4286, 0.3000, 0.4286, 1.0769, 0.3571, 0.2143, 0.1500, 3.2143, 2.2500
Genetics
89, 5, 11, 9, 5, 5, 1, 2, 14, 17.8000, 17.8000, 9.8889, 1.8000, 2.2000, 1.8000, 0.5556, 1.0000, 1.0000, 0.2000, 0.4000, 0.2222, 2.8000, 1.5556
233, 9, 20, 14, 10, 4, 3, 9, 31, 25.8889, 23.3000, 16.6429, 1.5556, 2.0000, 1.4000, 0.2857, 0.4000, 1.1111, 0.3000, 0.9000, 0.6429, 3.1000, 2.2143
Applied Mathematics
127, 5, 9, 8, 5, 3, 3, 5, 23, 25.4000, 25.4000, 15.8750, 1.6000, 1.8000, 1.6000, 0.3750, 0.6000, 1.0000, 0.6000, 1.0000, 0.6250, 4.6000, 2.8750
207, 7, 16, 11, 7, 4, 4, 4, 29, 29.5714, 29.5714, 18.8182, 1.5714, 2.2857, 1.5714, 0.3636, 0.5714, 1.0000, 0.5714, 0.5714, 0.3636, 4.1429, 2.6364
Developmental Biology
65, 3, 6, 4, 3, 2, 2, 2, 11, 21.6667, 21.6667, 16.2500, 1.3333, 2.0000, 1.3333, 0.5000, 0.6667, 1.0000, 0.6667, 0.6667, 0.5000, 3.6667, 2.7500
285, 12, 22, 16, 13, 5, 4, 13, 34, 23.7500, 21.9231, 17.8125, 1.3333, 1.6923, 1.2308, 0.3125, 0.3846, 1.0833, 0.3077, 1.0000, 0.8125, 2.6154, 2.1250
Earth, Atmospheric, And Planetary Sciences
123, 5, 13, 4, 5, 0, 0, 3, 23, 24.6000, 24.6000, 30.7500, 0.8000, 2.6000, 0.8000, 0, 0, 1.0000, 0, 0.6000, 0.7500, 4.6000, 5.7500
262, 8, 25, 16, 10, 6, 4, 9, 42, 32.7500, 26.2000, 16.3750, 2.0000, 2.5000, 1.6000, 0.3750, 0.6000, 1.2500, 0.4000, 0.9000, 0.5625, 4.2000, 2.6250
Pharmacology
122, 6, 10, 6, 6, 0, 0, 3, 20, 20.3333, 20.3333, 20.3333, 1.0000, 1.6667, 1.0000, 0, 0, 1.0000, 0, 0.5000, 0.5000, 3.3333, 3.3333
223, 8, 19, 11, 8, 3, 3, 6, 32, 27.8750, 27.8750, 20.2727, 1.3750, 2.3750, 1.3750, 0.2727, 0.3750, 1.0000, 0.3750, 0.7500, 0.5455, 4.0000, 2.9091
Biophysics and Computational Biology
117, 5, 11, 5, 5, 0, 0, 2, 18, 23.4000, 23.4000, 23.4000, 1.0000, 2.2000, 1.0000, 0, 0, 1.0000, 0, 0.4000, 0.4000, 3.6000, 3.6000
208, 10, 20, 14, 12, 2, 2, 5, 28, 20.8000, 17.3333, 14.8571, 1.4000, 1.6667, 1.1667, 0.1429, 0.1667, 1.2000, 0.1667, 0.4167, 0.3571, 2.3333, 2.0000
Microbiology
126, 5, 14, 11, 5, 6, 3, 4, 19, 25.2000, 25.2000, 11.4545, 2.2000, 2.8000, 2.2000, 0.5455, 1.2000, 1.0000, 0.6000, 0.8000, 0.3636, 3.8000, 1.7273
176, 9, 16, 12, 9, 5, 4, 6, 24, 19.5556, 19.5556, 14.6667, 1.3333, 1.7778, 1.3333, 0.4167, 0.5556, 1.0000, 0.4444, 0.6667, 0.5000, 2.6667, 2.0000
Immunology and Inflammation
111, 3, 11, 6, 3, 3, 3, 1, 19, 37.0000, 37.0000, 18.5000, 2.0000, 3.6667, 2.0000, 0.5000, 1.0000, 1.0000, 1.0000, 0.3333, 0.1667, 6.3333, 3.1667
249, 9, 15, 12, 10, 3, 3, 8, 34, 27.6667, 24.9000, 20.7500, 1.3333, 1.5000, 1.2000, 0.2500, 0.3000, 1.1111, 0.3000, 0.8000, 0.6667, 3.4000, 2.8333
Biochemistry
118, 6, 10, 8, 6, 2, 2, 4, 14, 19.6667, 19.6667, 14.7500, 1.3333, 1.6667, 1.3333, 0.2500, 0.3333, 1.0000, 0.3333, 0.6667, 0.5000, 2.3333, 1.7500
186, 5, 9, 8, 5, 3, 3, 3, 23, 37.2000, 37.2000, 23.2500, 1.6000, 1.8000, 1.6000, 0.3750, 0.6000, 1.0000, 0.6000, 0.6000, 0.3750, 4.6000, 2.8750
Microbiology
112, 5, 9, 6, 5, 2, 2, 1, 23, 22.4000, 22.4000, 18.6667, 1.2000, 1.8000, 1.2000, 0.3333, 0.4000, 1.0000, 0.4000, 0.2000, 0.1667, 4.6000, 3.8333
208, 7, 19, 12, 7, 5, 4, 5, 29, 29.7143, 29.7143, 17.3333, 1.7143, 2.7143, 1.7143, 0.4167, 0.7143, 1.0000, 0.5714, 0.7143, 0.4167, 4.1429, 2.4167
Medical Sciences
126, 6, 9, 6, 5, 2, 2, 9, 26, 21.0000, 25.2000, 21.0000, 1.0000, 1.8000, 1.2000, 0.3333, 0.4000, 0.8333, 0.4000, 1.8000, 1.5000, 5.2000, 4.3333
267, 13, 20, 15, 12, 4, 4, 12, 42, 20.5385, 22.2500, 17.8000, 1.1538, 1.6667, 1.2500, 0.2667, 0.3333, 0.9231, 0.3333, 1.0000, 0.8000, 3.5000, 2.8000
Environmental Sciences
115, 4, 8, 7, 4, 3, 3, 4, 20, 28.7500, 28.7500, 16.4286, 1.7500, 2.0000, 1.7500, 0.4286, 0.7500, 1.0000, 0.7500, 1.0000, 0.5714, 5.0000, 2.8571
216, 8, 18, 16, 8, 7, 5, 6, 34, 27.0000, 27.0000, 13.5000, 2.0000, 2.2500, 2.0000, 0.4375, 0.8750, 1.0000, 0.6250, 0.7500, 0.3750, 4.2500, 2.1250
Chemistry
121, 5, 9, 5, 5, 0, 0, 7, 16, 24.2000, 24.2000, 24.2000, 1.0000, 1.8000, 1.0000, 0, 0, 1.0000, 0, 1.4000, 1.4000, 3.2000, 3.2000
255, 13, 28, 17, 13, 3, 3, 8, 29, 19.6154, 19.6154, 15.0000, 1.3077, 2.1538, 1.3077, 0.1765, 0.2308, 1.0000, 0.2308, 0.6154, 0.4706, 2.2308, 1.7059
Plant Biology
112, 4, 11, 7, 5, 2, 1, 4, 16, 28.0000, 22.4000, 16.0000, 1.7500, 2.2000, 1.4000, 0.2857, 0.4000, 1.2500, 0.2000, 0.8000, 0.5714, 3.2000, 2.2857
248, 6, 23, 15, 8, 7, 5, 7, 54, 41.3333, 31.0000, 16.5333, 2.5000, 2.8750, 1.8750, 0.4667, 0.8750, 1.3333, 0.6250, 0.8750, 0.4667, 6.7500, 3.6000
Microbiology
81, 3, 9, 6, 3, 4, 3, 2, 13, 27.0000, 27.0000, 13.5000, 2.0000, 3.0000, 2.0000, 0.6667, 1.3333, 1.0000, 1.0000, 0.6667, 0.3333, 4.3333, 2.1667
219, 7, 16, 14, 7, 7, 5, 10, 32, 31.2857, 31.2857, 15.6429, 2.0000, 2.2857, 2.0000, 0.5000, 1.0000, 1.0000, 0.7143, 1.4286, 0.7143, 4.5714, 2.2857
Political Sciences
125, 5, 13, 10, 5, 5, 5, 3, 24, 25.0000, 25.0000, 12.5000, 2.0000, 2.6000, 2.0000, 0.5000, 1.0000, 1.0000, 1.0000, 0.6000, 0.3000, 4.8000, 2.4000
218, 7, 19, 13, 8, 5, 4, 4, 42, 31.1429, 27.2500, 16.7692, 1.8571, 2.3750, 1.6250, 0.3846, 0.6250, 1.1429, 0.5000, 0.5000, 0.3077, 5.2500, 3.2308
Genetics
83, 4, 10, 6, 4, 3, 3, 2, 17, 20.7500, 20.7500, 13.8333, 1.5000, 2.5000, 1.5000, 0.5000, 0.7500, 1.0000, 0.7500, 0.5000, 0.3333, 4.2500, 2.8333
171, 7, 19, 12, 9, 4, 3, 6, 25, 24.4286, 19.0000, 14.2500, 1.7143, 2.1111, 1.3333, 0.3333, 0.4444, 1.2857, 0.3333, 0.6667, 0.5000, 2.7778, 2.0833
Environmental Sciences
97, 4, 8, 5, 4, 1, 0, 2, 17, 24.2500, 24.2500, 19.4000, 1.2500, 2.0000, 1.2500, 0.2000, 0.2500, 1.0000, 0, 0.5000, 0.4000, 4.2500, 3.4000
260, 10, 21, 11, 10, 3, 3, 9, 40, 26.0000, 26.0000, 23.6364, 1.1000, 2.1000, 1.1000, 0.2727, 0.3000, 1.0000, 0.3000, 0.9000, 0.8182, 4.0000, 3.6364
Evolution
113, 6, 13, 11, 6, 6, 4, 3, 20, 18.8333, 18.8333, 10.2727, 1.8333, 2.1667, 1.8333, 0.5455, 1.0000, 1.0000, 0.6667, 0.5000, 0.2727, 3.3333, 1.8182
254, 11, 26, 20, 11, 10, 8, 9, 44, 23.0909, 23.0909, 12.7000, 1.8182, 2.3636, 1.8182, 0.5000, 0.9091, 1.0000, 0.7273, 0.8182, 0.4500, 4.0000, 2.2000
Biochemistry
121, 5, 10, 7, 7, 1, 1, 2, 16, 24.2000, 17.2857, 17.2857, 1.4000, 1.4286, 1.0000, 0.1429, 0.1429, 1.4000, 0.1429, 0.2857, 0.2857, 2.2857, 2.2857
125, 5, 10, 7, 5, 2, 2, 4, 16, 25.0000, 25.0000, 17.8571, 1.4000, 2.0000, 1.4000, 0.2857, 0.4000, 1.0000, 0.4000, 0.8000, 0.5714, 3.2000, 2.2857
Biophysics and Computational Biology
113, 6, 13, 8, 7, 1, 1, 4, 17, 18.8333, 16.1429, 14.1250, 1.3333, 1.8571, 1.1429, 0.1250, 0.1429, 1.1667, 0.1429, 0.5714, 0.5000, 2.4286, 2.1250
204, 8, 18, 13, 8, 5, 4, 7, 30, 25.5000, 25.5000, 15.6923, 1.6250, 2.2500, 1.6250, 0.3846, 0.6250, 1.0000, 0.5000, 0.8750, 0.5385, 3.7500, 2.3077
Earth, Atmospheric, and planetary sciences
82, 3, 7, 4, 3, 2, 2, 3, 14, 27.3333, 27.3333, 20.5000, 1.3333, 2.3333, 1.3333, 0.5000, 0.6667, 1.0000, 0.6667, 1.0000, 0.7500, 4.6667, 3.5000
141, 5, 11, 8, 6, 2, 2, 4, 19, 28.2000, 23.5000, 17.6250, 1.6000, 1.8333, 1.3333, 0.2500, 0.3333, 1.2000, 0.3333, 0.6667, 0.5000, 3.1667, 2.3750
Biophysics and Computational Biology
108, 5, 12, 8, 5, 3, 3, 4, 14, 21.6000, 21.6000, 13.5000, 1.6000, 2.4000, 1.6000, 0.3750, 0.6000, 1.0000, 0.6000, 0.8000, 0.5000, 2.8000, 1.7500
210, 8, 23, 15, 8, 6, 5, 6, 38, 26.2500, 26.2500, 14.0000, 1.8750, 2.8750, 1.8750, 0.4000, 0.7500, 1.0000, 0.6250, 0.7500, 0.4000, 4.7500, 2.5333
Political Sciences
104, 3, 13, 10, 3, 8, 3, 2, 12, 34.6667, 34.6667, 10.4000, 3.3333, 4.3333, 3.3333, 0.8000, 2.6667, 1.0000, 1.0000, 0.6667, 0.2000, 4.0000, 1.2000
139, 6, 16, 11, 6, 5, 4, 6, 19, 23.1667, 23.1667, 12.6364, 1.8333, 2.6667, 1.8333, 0.4545, 0.8333, 1.0000, 0.6667, 1.0000, 0.5455, 3.1667, 1.7273
Plant Biology
125, 5, 13, 10, 5, 5, 5, 4, 18, 25.0000, 25.0000, 12.5000, 2.0000, 2.6000, 2.0000, 0.5000, 1.0000, 1.0000, 1.0000, 0.8000, 0.4000, 3.6000, 1.8000
193, 8, 16, 11, 8, 4, 4, 8, 27, 24.1250, 24.1250, 17.5455, 1.3750, 2.0000, 1.3750, 0.3636, 0.5000, 1.0000, 0.5000, 1.0000, 0.7273, 3.3750, 2.4545
Earth, Atmospheric, and Planetary Sciences
128, 4, 8, 5, 5, 1, 1, 4, 21, 32.0000, 25.6000, 25.6000, 1.2500, 1.6000, 1.0000, 0.2000, 0.2000, 1.2500, 0.2000, 0.8000, 0.8000, 4.2000, 4.2000
275, 2, 3, 2, 2, 0, 0, 2, 12, 137.5000, 137.5000, 137.5000, 1.0000, 1.5000, 1.0000, 0, 0, 1.0000, 0, 1.0000, 1.0000, 6.0000, 6.0000
Environmental Sciences
111, 4, 12, 5, 4, 1, 1, 3, 19, 27.7500, 27.7500, 22.2000, 1.2500, 3.0000, 1.2500, 0.2000, 0.2500, 1.0000, 0.2500, 0.7500, 0.6000, 4.7500, 3.8000
262, 8, 15, 12, 8, 5, 4, 5, 38, 32.7500, 32.7500, 21.8333, 1.5000, 1.8750, 1.5000, 0.4167, 0.6250, 1.0000, 0.5000, 0.6250, 0.4167, 4.7500, 3.1667
Sustainability Science
120, 4, 11, 4, 5, 0, 0, 4, 15, 30.0000, 24.0000, 30.0000, 1.0000, 2.2000, 0.8000, 0, 0, 1.2500, 0, 0.8000, 1.0000, 3.0000, 3.7500
281, 10, 25, 14, 11, 4, 4, 6, 38, 28.1000, 25.5455, 20.0714, 1.4000, 2.2727, 1.2727, 0.2857, 0.3636, 1.1000, 0.3636, 0.5455, 0.4286, 3.4545, 2.7143
Neuroscience
123, 5, 15, 7, 5, 3, 3, 6, 17, 24.6000, 24.6000, 17.5714, 1.4000, 3.0000, 1.4000, 0.4286, 0.6000, 1.0000, 0.6000, 1.2000, 0.8571, 3.4000, 2.4286
251, 11, 21, 13, 12, 2, 2, 7, 40, 22.8182, 20.9167, 19.3077, 1.1818, 1.7500, 1.0833, 0.1538, 0.1667, 1.0909, 0.1667, 0.5833, 0.5385, 3.3333, 3.0769
Cell Biology
93, 4, 11, 5, 5, 1, 1, 4, 13, 23.2500, 18.6000, 18.6000, 1.2500, 2.2000, 1.0000, 0.2000, 0.2000, 1.2500, 0.2000, 0.8000, 0.8000, 2.6000, 2.6000
181, 8, 16, 11, 8, 4, 4, 9, 27, 22.6250, 22.6250, 16.4545, 1.3750, 2.0000, 1.3750, 0.3636, 0.5000, 1.0000, 0.5000, 1.1250, 0.8182, 3.3750, 2.4545
Microbiology
124, 6, 12, 7, 6, 1, 1, 5, 17, 20.6667, 20.6667, 17.7143, 1.1667, 2.0000, 1.1667, 0.1429, 0.1667, 1.0000, 0.1667, 0.8333, 0.7143, 2.8333, 2.4286
250, 10, 21, 15, 11, 6, 5, 6, 40, 25.0000, 22.7273, 16.6667, 1.5000, 1.9091, 1.3636, 0.4000, 0.5455, 1.1000, 0.4545, 0.5455, 0.4000, 3.6364, 2.6667
Environmental Sciences
128, 5, 10, 8, 5, 2, 1, 5, 17, 25.6000, 25.6000, 16.0000, 1.6000, 2.0000, 1.6000, 0.2500, 0.4000, 1.0000, 0.2000, 1.0000, 0.6250, 3.4000, 2.1250
256, 9, 18, 13, 10, 2, 3, 10, 43, 28.4444, 25.6000, 19.6923, 1.4444, 1.8000, 1.3000, 0.1538, 0.2000, 1.1111, 0.3000, 1.0000, 0.7692, 4.3000, 3.3077
Neuroscience
124, 5, 13, 8, 7, 2, 3, 1, 18, 24.8000, 17.7143, 15.5000, 1.6000, 1.8571, 1.1429, 0.2500, 0.2857, 1.4000, 0.4286, 0.1429, 0.1250, 2.5714, 2.2500
152, 6, 14, 9, 6, 3, 2, 3, 20, 25.3333, 25.3333, 16.8889, 1.5000, 2.3333, 1.5000, 0.3333, 0.5000, 1.0000, 0.3333, 0.5000, 0.3333, 3.3333, 2.2222
Psychological and Cognitive Sciences
125, 7, 16, 12, 9, 4, 5, 3, 14, 17.8571, 13.8889, 10.4167, 1.7143, 1.7778, 1.3333, 0.3333, 0.4444, 1.2857, 0.5556, 0.3333, 0.2500, 1.5556, 1.1667
234, 10, 31, 13, 12, 3, 2, 7, 31, 23.4000, 19.5000, 18.0000, 1.3000, 2.5833, 1.0833, 0.2308, 0.2500, 1.2000, 0.1667, 0.5833, 0.5385, 2.5833, 2.3846
Psychological and Cognitive Sciences
101, 4, 18, 14, 6, 9, 5, 0, 14, 25.2500, 16.8333, 7.2143, 3.5000, 3.0000, 2.3333, 0.6429, 1.5000, 1.5000, 0.8333, 0, 0, 2.3333, 1.0000
211, 10, 25, 16, 10, 6, 4, 1, 36, 21.1000, 21.1000, 13.1875, 1.6000, 2.5000, 1.6000, 0.3750, 0.6000, 1.0000, 0.4000, 0.1000, 0.0625, 3.6000, 2.2500
Evolution
118, 5, 12, 10, 6, 4, 4, 4, 23, 23.6000, 19.6667, 11.8000, 2.0000, 2.0000, 1.6667, 0.4000, 0.6667, 1.2000, 0.6667, 0.6667, 0.4000, 3.8333, 2.3000
256, 11, 29, 20, 12, 8, 6, 7, 42, 23.2727, 21.3333, 12.8000, 1.8182, 2.4167, 1.6667, 0.4000, 0.6667, 1.0909, 0.5000, 0.5833, 0.3500, 3.5000, 2.1000
Biochemistry
70, 3, 7, 3, 3, 0, 0, 2, 11, 23.3333, 23.3333, 23.3333, 1.0000, 2.3333, 1.0000, 0, 0, 1.0000, 0, 0.6667, 0.6667, 3.6667, 3.6667
147, 5, 9, 6, 5, 1, 1, 2, 22, 29.4000, 29.4000, 24.5000, 1.2000, 1.8000, 1.2000, 0.1667, 0.2000, 1.0000, 0.2000, 0.4000, 0.3333, 4.4000, 3.6667
Biophysics and Computational Biology
121, 4, 15, 6, 4, 3, 3, 2, 18, 30.2500, 30.2500, 20.1667, 1.5000, 3.7500, 1.5000, 0.5000, 0.7500, 1.0000, 0.7500, 0.5000, 0.3333, 4.5000, 3.0000
208, 9, 23, 15, 11, 5, 5, 4, 29, 23.1111, 18.9091, 13.8667, 1.6667, 2.0909, 1.3636, 0.3333, 0.4545, 1.2222, 0.4545, 0.3636, 0.2667, 2.6364, 1.9333
Social Sciences
74, 2, 6, 3, 2, 1, 1, 4, 10, 37.0000, 37.0000, 24.6667, 1.5000, 3.0000, 1.5000, 0.3333, 0.5000, 1.0000, 0.5000, 2.0000, 1.3333, 5.0000, 3.3333
150, 6, 13, 9, 7, 2, 3, 5, 20, 25.0000, 21.4286, 16.6667, 1.5000, 1.8571, 1.2857, 0.2222, 0.2857, 1.1667, 0.4286, 0.7143, 0.5556, 2.8571, 2.2222
Anthropology
121, 4, 10, 5, 5, 1, 2, 4, 21, 30.2500, 24.2000, 24.2000, 1.2500, 2.0000, 1.0000, 0.2000, 0.2000, 1.2500, 0.4000, 0.8000, 0.8000, 4.2000, 4.2000
212, 9, 18, 10, 9, 2, 2, 9, 37, 23.5556, 23.5556, 21.2000, 1.1111, 2.0000, 1.1111, 0.2000, 0.2222, 1.0000, 0.2222, 1.0000, 0.9000, 4.1111, 3.7000
Anthropology
121, 5, 15, 12, 5, 7, 3, 0, 20, 24.2000, 24.2000, 10.0833, 2.4000, 3.0000, 2.4000, 0.5833, 1.4000, 1.0000, 0.6000, 0, 0, 4.0000, 1.6667
216, 7, 17, 11, 7, 4, 4, 4, 44, 30.8571, 30.8571, 19.6364, 1.5714, 2.4286, 1.5714, 0.3636, 0.5714, 1.0000, 0.5714, 0.5714, 0.3636, 6.2857, 4.0000
Social Sciences
114, 4, 16, 6, 4, 2, 1, 3, 21, 28.5000, 28.5000, 19.0000, 1.5000, 4.0000, 1.5000, 0.3333, 0.5000, 1.0000, 0.2500, 0.7500, 0.5000, 5.2500, 3.5000
247, 10, 32, 21, 11, 10, 8, 3, 44, 24.7000, 22.4545, 11.7619, 2.1000, 2.9091, 1.9091, 0.4762, 0.9091, 1.1000, 0.7273, 0.2727, 0.1429, 4.0000, 2.0952
Anthropology
119, 4, 8, 6, 4, 2, 2, 7, 24, 29.7500, 29.7500, 19.8333, 1.5000, 2.0000, 1.5000, 0.3333, 0.5000, 1.0000, 0.5000, 1.7500, 1.1667, 6.0000, 4.0000
216, 9, 13, 11, 9, 2, 2, 4, 36, 24.0000, 24.0000, 19.6364, 1.2222, 1.4444, 1.2222, 0.1818, 0.2222, 1.0000, 0.2222, 0.4444, 0.3636, 4.0000, 3.2727
Social Sciences
111, 5, 10, 10, 5, 5, 4, 1, 19, 22.2000, 22.2000, 11.1000, 2.0000, 2.0000, 2.0000, 0.5000, 1.0000, 1.0000, 0.8000, 0.2000, 0.1000, 3.8000, 1.9000
173, 6, 13, 10, 6, 4, 4, 2, 31, 28.8333, 28.8333, 17.3000, 1.6667, 2.1667, 1.6667, 0.4000, 0.6667, 1.0000, 0.6667, 0.3333, 0.2000, 5.1667, 3.1000
Social Sciences
117, 5, 12, 7, 7, 2, 1, 2, 21, 23.4000, 16.7143, 16.7143, 1.4000, 1.7143, 1.0000, 0.2857, 0.2857, 1.4000, 0.1429, 0.2857, 0.2857, 3.0000, 3.0000
198, 10, 22, 16, 9, 6, 4, 7, 34, 19.8000, 22.0000, 12.3750, 1.6000, 2.4444, 1.7778, 0.3750, 0.6667, 0.9000, 0.4444, 0.7778, 0.4375, 3.7778, 2.1250
Anthropology
112, 4, 9, 7, 4, 4, 3, 2, 22, 28.0000, 28.0000, 16.0000, 1.7500, 2.2500, 1.7500, 0.5714, 1.0000, 1.0000, 0.7500, 0.5000, 0.2857, 5.5000, 3.1429
129, 5, 15, 10, 6, 5, 4, 2, 23, 25.8000, 21.5000, 12.9000, 2.0000, 2.5000, 1.6667, 0.5000, 0.8333, 1.2000, 0.6667, 0.3333, 0.2000, 3.8333, 2.3000
Anthropology
122, 6, 14, 10, 6, 4, 4, 4, 21, 20.3333, 20.3333, 12.2000, 1.6667, 2.3333, 1.6667, 0.4000, 0.6667, 1.0000, 0.6667, 0.6667, 0.4000, 3.5000, 2.1000
252, 8, 20, 14, 8, 5, 5, 8, 44, 31.5000, 31.5000, 18.0000, 1.7500, 2.5000, 1.7500, 0.3571, 0.6250, 1.0000, 0.6250, 1.0000, 0.5714, 5.5000, 3.1429
Anthropology
120, 5, 11, 7, 4, 4, 1, 6, 19, 24.0000, 30.0000, 17.1429, 1.4000, 2.7500, 1.7500, 0.5714, 1.0000, 0.8000, 0.2500, 1.5000, 0.8571, 4.7500, 2.7143
225, 9, 19, 14, 8, 7, 4, 7, 45, 25.0000, 28.1250, 16.0714, 1.5556, 2.3750, 1.7500, 0.5000, 0.8750, 0.8889, 0.5000, 0.8750, 0.5000, 5.6250, 3.2143
Anthropology
126, 5, 10, 6, 5, 2, 2, 0, 26, 25.2000, 25.2000, 21.0000, 1.2000, 2.0000, 1.2000, 0.3333, 0.4000, 1.0000, 0.4000, 0, 0, 5.2000, 4.3333
156, 5, 13, 10, 6, 4, 4, 3, 28, 31.2000, 26.0000, 15.6000, 2.0000, 2.1667, 1.6667, 0.4000, 0.6667, 1.2000, 0.6667, 0.5000, 0.3000, 4.6667, 2.8000
Social Sciences
101, 6, 12, 8, 6, 2, 1, 2, 12, 16.8333, 16.8333, 12.6250, 1.3333, 2.0000, 1.3333, 0.2500, 0.3333, 1.0000, 0.1667, 0.3333, 0.2500, 2.0000, 1.5000
253, 11, 24, 16, 11, 5, 4, 8, 35, 23.0000, 23.0000, 15.8125, 1.4545, 2.1818, 1.4545, 0.3125, 0.4545, 1.0000, 0.3636, 0.7273, 0.5000, 3.1818, 2.1875
Social Sciences
126, 4, 15, 10, 5, 4, 3, 2, 18, 31.5000, 25.2000, 12.6000, 2.5000, 3.0000, 2.0000, 0.4000, 0.8000, 1.2500, 0.6000, 0.4000, 0.2000, 3.6000, 1.8000
257, 10, 38, 22, 14, 10, 6, 9, 31, 25.7000, 18.3571, 11.6818, 2.2000, 2.7143, 1.5714, 0.4545, 0.7143, 1.4000, 0.4286, 0.6429, 0.4091, 2.2143, 1.4091
Social Sciences
124, 4, 12, 7, 4, 2, 2, 3, 21, 31.0000, 31.0000, 17.7143, 1.7500, 3.0000, 1.7500, 0.2857, 0.5000, 1.0000, 0.5000, 0.7500, 0.4286, 5.2500, 3.0000
264, 8, 26, 18, 10, 8, 7, 7, 46, 33.0000, 26.4000, 14.6667, 2.2500, 2.6000, 1.8000, 0.4444, 0.8000, 1.2500, 0.7000, 0.7000, 0.3889, 4.6000, 2.5556
Social Sciences
122, 7, 12, 9, 7, 3, 2, 1, 25, 17.4286, 17.4286, 13.5556, 1.2857, 1.7143, 1.2857, 0.3333, 0.4286, 1.0000, 0.2857, 0.1429, 0.1111, 3.5714, 2.7778
258, 11, 29, 17, 11, 6, 5, 3, 41, 23.4545, 23.4545, 15.1765, 1.5455, 2.6364, 1.5455, 0.3529, 0.5455, 1.0000, 0.4545, 0.2727, 0.1765, 3.7273, 2.4118
Social Sciences
107, 4, 10, 7, 4, 3, 2, 3, 15, 26.7500, 26.7500, 15.2857, 1.7500, 2.5000, 1.7500, 0.4286, 0.7500, 1.0000, 0.5000, 0.7500, 0.4286, 3.7500, 2.1429
153, 6, 11, 9, 6, 3, 2, 3, 30, 25.5000, 25.5000, 17.0000, 1.5000, 1.8333, 1.5000, 0.3333, 0.5000, 1.0000, 0.3333, 0.5000, 0.3333, 5.0000, 3.3333
Social Sciences
121, 5, 15, 11, 5, 6, 4, 4, 19, 24.2000, 24.2000, 11.0000, 2.2000, 3.0000, 2.2000, 0.5455, 1.2000, 1.0000, 0.8000, 0.8000, 0.3636, 3.8000, 1.7273
174, 7, 17, 11, 7, 4, 4, 2, 29, 24.8571, 24.8571, 15.8182, 1.5714, 2.4286, 1.5714, 0.3636, 0.5714, 1.0000, 0.5714, 0.2857, 0.1818, 4.1429, 2.6364
Social Sciences
123, 6, 11, 8, 6, 2, 2, 4, 21, 20.5000, 20.5000, 15.3750, 1.3333, 1.8333, 1.3333, 0.2500, 0.3333, 1.0000, 0.3333, 0.6667, 0.5000, 3.5000, 2.6250
239, 9, 27, 17, 9, 8, 7, 8, 45, 26.5556, 26.5556, 14.0588, 1.8889, 3.0000, 1.8889, 0.4706, 0.8889, 1.0000, 0.7778, 0.8889, 0.4706, 5.0000, 2.6471
Social Sciences
107, 6, 10, 7, 7, 0, 0, 4, 17, 17.8333, 15.2857, 15.2857, 1.1667, 1.4286, 1.0000, 0, 0, 1.1667, 0, 0.5714, 0.5714, 2.4286, 2.4286
195, 10, 22, 14, 10, 4, 4, 3, 31, 19.5000, 19.5000, 13.9286, 1.4000, 2.2000, 1.4000, 0.2857, 0.4000, 1.0000, 0.4000, 0.3000, 0.2143, 3.1000, 2.2143
Social Sciences
70, 3, 5, 3, 2, 1, 0, 5, 10, 23.3333, 35.0000, 23.3333, 1.0000, 2.5000, 1.5000, 0.3333, 0.5000, 0.6667, 0, 2.5000, 1.6667, 5.0000, 3.3333
158, 8, 15, 10, 8, 2, 2, 7, 23, 19.7500, 19.7500, 15.8000, 1.2500, 1.8750, 1.2500, 0.2000, 0.2500, 1.0000, 0.2500, 0.8750, 0.7000, 2.8750, 2.3000
Anthropology
125, 5, 15, 11, 7, 4, 3, 2, 25, 25.0000, 17.8571, 11.3636, 2.2000, 2.1429, 1.5714, 0.3636, 0.5714, 1.4000, 0.4286, 0.2857, 0.1818, 3.5714, 2.2727
208, 9, 18, 13, 11, 2, 1, 4, 28, 23.1111, 18.9091, 16.0000, 1.4444, 1.6364, 1.1818, 0.1538, 0.1818, 1.2222, 0.0909, 0.3636, 0.3077, 2.5455, 2.1538
Ecology
96.0, 5.0, 13.0, 8.0, 6.0, 2.0, 2.0, 4.0, 14.0, 19.2, 16.0, 12.0, 1.6, 2.1667, 1.3333, 0.25, 0.3333, 1.2, 0.3333, 0.6667, 0.5, 2.3333, 1.75
237.0, 9.0, 16.0, 12.0, 11.0, 3.0, 3.0, 8.0, 22.0, 26.3333, 21.5455, 19.75, 1.3333, 1.4545, 1.0909, 0.25, 0.2727, 1.2222, 0.2727, 0.7273, 0.6667, 2.0, 1.8333
Pharmacology
122.0, 4.0, 14.0, 8.0, 4.0, 4.0, 2.0, 1.0, 19.0, 30.5, 30.5, 15.25, 2.0, 3.5, 2.0, 0.5, 1.0, 1.0, 0.5, 0.25, 0.125, 4.75, 2.375
190.0, 6.0, 16.0, 12.0, 6.0, 5.0, 5.0, 3.0, 28.0, 31.6667, 31.6667, 15.8333, 2.0, 2.6667, 2.0, 0.4167, 0.8333, 1.0, 0.8333, 0.5, 0.25, 4.6667, 2.3333
Applied Mathematics
123.0, 5.0, 8.0, 6.0, 5.0, 1.0, 1.0, 8.0, 18.0, 24.6, 24.6, 20.5, 1.2, 1.6, 1.2, 0.1667, 0.2, 1.0, 0.2, 1.6, 1.3333, 3.6, 3.0
222.0, 8.0, 10.0, 9.0, 8.0, 2.0, 2.0, 11.0, 36.0, 27.75, 27.75, 24.6667, 1.125, 1.25, 1.125, 0.2222, 0.25, 1.0, 0.25, 1.375, 1.2222, 4.5, 4.0
Genetics
121.0, 5.0, 12.0, 8.0, 6.0, 2.0, 2.0, 4.0, 22.0, 24.2, 20.1667, 15.125, 1.6, 2.0, 1.3333, 0.25, 0.3333, 1.2, 0.3333, 0.6667, 0.5, 3.6667, 2.75
239.0, 9.0, 20.0, 15.0, 9.0, 6.0, 6.0, 9.0, 38.0, 26.5556, 26.5556, 15.9333, 1.6667, 2.2222, 1.6667, 0.4, 0.6667, 1.0, 0.6667, 1.0, 0.6, 4.2222, 2.5333
Neuroscience
114.0, 4.0, 12.0, 9.0, 5.0, 4.0, 3.0, 2.0, 16.0, 28.5, 22.8, 12.6667, 2.25, 2.4, 1.8, 0.4444, 0.8, 1.25, 0.6, 0.4, 0.2222, 3.2, 1.7778
206.0, 10.0, 23.0, 18.0, 10.0, 8.0, 7.0, 5.0, 31.0, 20.6, 20.6, 11.4444, 1.8, 2.3, 1.8, 0.4444, 0.8, 1.0, 0.7, 0.5, 0.2778, 3.1, 1.7222
Biochemistry
96.0, 4.0, 10.0, 6.0, 4.0, 2.0, 2.0, 4.0, 10.0, 24.0, 24.0, 16.0, 1.5, 2.5, 1.5, 0.3333, 0.5, 1.0, 0.5, 1.0, 0.6667, 2.5, 1.6667
252.0, 9.0, 23.0, 14.0, 12.0, 2.0, 2.0, 4.0, 35.0, 28.0, 21.0, 18.0, 1.5556, 1.9167, 1.1667, 0.1429, 0.1667, 1.3333, 0.1667, 0.3333, 0.2857, 2.9167, 2.5
Cell Biology
120.0, 6.0, 10.0, 10.0, 7.0, 3.0, 2.0, 2.0, 23.0, 20.0, 17.1429, 12.0, 1.6667, 1.4286, 1.4286, 0.3, 0.4286, 1.1667, 0.2857, 0.2857, 0.2, 3.2857, 2.3
245.0, 10.0, 18.0, 15.0, 12.0, 3.0, 2.0, 9.0, 40.0, 24.5, 20.4167, 16.3333, 1.5, 1.5, 1.25, 0.2, 0.25, 1.2, 0.1667, 0.75, 0.6, 3.3333, 2.6667
Evolution
118.0, 5.0, 13.0, 13.0, 7.0, 6.0, 3.0, 0.0, 18.0, 23.6, 16.8571, 9.0769, 2.6, 1.8571, 1.8571, 0.4615, 0.8571, 1.4, 0.4286, 0.0, 0.0, 2.5714, 1.3846
257.0, 9.0, 23.0, 20.0, 12.0, 8.0, 5.0, 7.0, 34.0, 28.5556, 21.4167, 12.85, 2.2222, 1.9167, 1.6667, 0.4, 0.6667, 1.3333, 0.4167, 0.5833, 0.35, 2.8333, 1.7
Biophysics and Computational Biology
121.0, 5.0, 9.0, 5.0, 5.0, 0.0, 0.0, 3.0, 19.0, 24.2, 24.2, 24.2, 1.0, 1.8, 1.0, 0.0, 0.0, 1.0, 0.0, 0.6, 0.6, 3.8, 3.8
193.0, 6.0, 15.0, 9.0, 6.0, 3.0, 3.0, 4.0, 25.0, 32.1667, 32.1667, 21.4444, 1.5, 2.5, 1.5, 0.3333, 0.5, 1.0, 0.5, 0.6667, 0.4444, 4.1667, 2.7778
Biophysics and Computational Biology
118.0, 5.0, 12.0, 9.0, 5.0, 4.0, 3.0, 2.0, 16.0, 23.6, 23.6, 13.1111, 1.8, 2.4, 1.8, 0.4444, 0.8, 1.0, 0.6, 0.4, 0.2222, 3.2, 1.7778
160.0, 6.0, 14.0, 10.0, 6.0, 4.0, 4.0, 3.0, 27.0, 26.6667, 26.6667, 16.0, 1.6667, 2.3333, 1.6667, 0.4, 0.6667, 1.0, 0.6667, 0.5, 0.3, 4.5, 2.7
Biophysics and Computational Biology
127.0, 6.0, 17.0, 13.0, 6.0, 7.0, 3.0, 0.0, 19.0, 21.1667, 21.1667, 9.7692, 2.1667, 2.8333, 2.1667, 0.5385, 1.1667, 1.0, 0.5, 0.0, 0.0, 3.1667, 1.4615
263.0, 10.0, 27.0, 17.0, 10.0, 7.0, 6.0, 8.0, 39.0, 26.3, 26.3, 15.4706, 1.7, 2.7, 1.7, 0.4118, 0.7, 1.0, 0.6, 0.8, 0.4706, 3.9, 2.2941
Immunology and Inflammation
121.0, 6.0, 17.0, 12.0, 6.0, 6.0, 4.0, 5.0, 18.0, 20.1667, 20.1667, 10.0833, 2.0, 2.8333, 2.0, 0.5, 1.0, 1.0, 0.6667, 0.8333, 0.4167, 3.0, 1.5
178.0, 8.0, 23.0, 17.0, 8.0, 8.0, 6.0, 4.0, 26.0, 22.25, 22.25, 10.4706, 2.125, 2.875, 2.125, 0.4706, 1.0, 1.0, 0.75, 0.5, 0.2353, 3.25, 1.5294
Ecology
119.0, 5.0, 10.0, 7.0, 7.0, 0.0, 0.0, 4.0, 17.0, 23.8, 17.0, 17.0, 1.4, 1.4286, 1.0, 0.0, 0.0, 1.4, 0.0, 0.5714, 0.5714, 2.4286, 2.4286
179.0, 7.0, 13.0, 8.0, 7.0, 1.0, 1.0, 8.0, 25.0, 25.5714, 25.5714, 22.375, 1.1429, 1.8571, 1.1429, 0.125, 0.1429, 1.0, 0.1429, 1.1429, 1.0, 3.5714, 3.125
Environmental Sciences
113.0, 4.0, 4.0, 3.0, 3.0, 0.0, 0.0, 3.0, 23.0, 28.25, 37.6667, 37.6667, 0.75, 1.3333, 1.0, 0.0, 0.0, 0.75, 0.0, 1.0, 1.0, 7.6667, 7.6667
189.0, 7.0, 14.0, 7.0, 7.0, 0.0, 0.0, 5.0, 38.0, 27.0, 27.0, 27.0, 1.0, 2.0, 1.0, 0.0, 0.0, 1.0, 0.0, 0.7143, 0.7143, 5.4286, 5.4286
Microbiology
108.0, 5.0, 11.0, 8.0, 5.0, 3.0, 2.0, 1.0, 18.0, 21.6, 21.6, 13.5, 1.6, 2.2, 1.6, 0.375, 0.6, 1.0, 0.4, 0.2, 0.125, 3.6, 2.25
161.0, 7.0, 14.0, 11.0, 8.0, 3.0, 2.0, 5.0, 26.0, 23.0, 20.125, 14.6364, 1.5714, 1.75, 1.375, 0.2727, 0.375, 1.1429, 0.25, 0.625, 0.4545, 3.25, 2.3636
Genetics
123.0, 6.0, 13.0, 10.0, 6.0, 4.0, 4.0, 2.0, 18.0, 20.5, 20.5, 12.3, 1.6667, 2.1667, 1.6667, 0.4, 0.6667, 1.0, 0.6667, 0.3333, 0.2, 3.0, 1.8
249.0, 11.0, 16.0, 15.0, 11.0, 4.0, 4.0, 9.0, 33.0, 22.6364, 22.6364, 16.6, 1.3636, 1.4545, 1.3636, 0.2667, 0.3636, 1.0, 0.3636, 0.8182, 0.6, 3.0, 2.2
Computer Sciences
125.0, 6.0, 15.0, 10.0, 7.0, 4.0, 3.0, 4.0, 19.0, 20.8333, 17.8571, 12.5, 1.6667, 2.1429, 1.4286, 0.4, 0.5714, 1.1667, 0.4286, 0.5714, 0.4, 2.7143, 1.9
214.0, 7.0, 20.0, 15.0, 8.0, 7.0, 6.0, 5.0, 32.0, 30.5714, 26.75, 14.2667, 2.1429, 2.5, 1.875, 0.4667, 0.875, 1.1429, 0.75, 0.625, 0.3333, 4.0, 2.1333
Psychological and Cognitive Sciences
115.0, 3.0, 9.0, 7.0, 3.0, 4.0, 3.0, 4.0, 23.0, 38.3333, 38.3333, 16.4286, 2.3333, 3.0, 2.3333, 0.5714, 1.3333, 1.0, 1.0, 1.3333, 0.5714, 7.6667, 3.2857
228.0, 10.0, 18.0, 13.0, 10.0, 4.0, 3.0, 8.0, 41.0, 22.8, 22.8, 17.5385, 1.3, 1.8, 1.3, 0.3077, 0.4, 1.0, 0.3, 0.8, 0.6154, 4.1, 3.1538
Medical Sciences
123.0, 5.0, 16.0, 12.0, 4.0, 6.0, 3.0, 5.0, 17.0, 24.6, 30.75, 10.25, 2.4, 4.0, 3.0, 0.5, 1.5, 0.8, 0.75, 1.25, 0.4167, 4.25, 1.4167
265.0, 12.0, 27.0, 18.0, 15.0, 3.0, 4.0, 8.0, 37.0, 22.0833, 17.6667, 14.7222, 1.5, 1.8, 1.2, 0.1667, 0.2, 1.25, 0.2667, 0.5333, 0.4444, 2.4667, 2.0556
Ecology
120.0, 6.0, 11.0, 11.0, 6.0, 5.0, 2.0, 4.0, 16.0, 20.0, 20.0, 10.9091, 1.8333, 1.8333, 1.8333, 0.4545, 0.8333, 1.0, 0.3333, 0.6667, 0.3636, 2.6667, 1.4545
253.0, 9.0, 22.0, 13.0, 9.0, 4.0, 3.0, 8.0, 37.0, 28.1111, 28.1111, 19.4615, 1.4444, 2.4444, 1.4444, 0.3077, 0.4444, 1.0, 0.3333, 0.8889, 0.6154, 4.1111, 2.8462
Biophysics and Computational Biology
120.0, 5.0, 11.0, 9.0, 6.0, 3.0, 2.0, 2.0, 18.0, 24.0, 20.0, 13.3333, 1.8, 1.8333, 1.5, 0.3333, 0.5, 1.2, 0.3333, 0.3333, 0.2222, 3.0, 2.0
251.0, 9.0, 20.0, 15.0, 10.0, 5.0, 4.0, 5.0, 37.0, 27.8889, 25.1, 16.7333, 1.6667, 2.0, 1.5, 0.3333, 0.5, 1.1111, 0.4, 0.5, 0.3333, 3.7, 2.4667
Plant Biology
101.0, 6.0, 8.0, 8.0, 6.0, 2.0, 2.0, 4.0, 10.0, 16.8333, 16.8333, 12.625, 1.3333, 1.3333, 1.3333, 0.25, 0.3333, 1.0, 0.3333, 0.6667, 0.5, 1.6667, 1.25
235.0, 10.0, 20.0, 17.0, 14.0, 4.0, 4.0, 6.0, 36.0, 23.5, 16.7857, 13.8235, 1.7, 1.4286, 1.2143, 0.2353, 0.2857, 1.4, 0.2857, 0.4286, 0.3529, 2.5714, 2.1176
Cell Biology
121.0, 4.0, 8.0, 5.0, 4.0, 1.0, 1.0, 6.0, 18.0, 30.25, 30.25, 24.2, 1.25, 2.0, 1.25, 0.2, 0.25, 1.0, 0.25, 1.5, 1.2, 4.5, 3.6
192.0, 8.0, 12.0, 9.0, 8.0, 1.0, 1.0, 11.0, 38.0, 24.0, 24.0, 21.3333, 1.125, 1.5, 1.125, 0.1111, 0.125, 1.0, 0.125, 1.375, 1.2222, 4.75, 4.2222
Immunology and Inflammation
121.0, 7.0, 14.0, 8.0, 6.0, 3.0, 3.0, 1.0, 17.0, 17.2857, 20.1667, 15.125, 1.1429, 2.3333, 1.3333, 0.375, 0.5, 0.8571, 0.5, 0.1667, 0.125, 2.8333, 2.125
257.0, 11.0, 26.0, 14.0, 11.0, 1.0, 1.0, 4.0, 34.0, 23.3636, 23.3636, 18.3571, 1.2727, 2.3636, 1.2727, 0.0714, 0.0909, 1.0, 0.0909, 0.3636, 0.2857, 3.0909, 2.4286
Genetics
93.0, 3.0, 9.0, 4.0, 3.0, 1.0, 1.0, 4.0, 19.0, 31.0, 31.0, 23.25, 1.3333, 3.0, 1.3333, 0.25, 0.3333, 1.0, 0.3333, 1.3333, 1.0, 6.3333, 4.75
176.0, 5.0, 16.0, 10.0, 5.0, 5.0, 5.0, 6.0, 30.0, 35.2, 35.2, 17.6, 2.0, 3.2, 2.0, 0.5, 1.0, 1.0, 1.0, 1.2, 0.6, 6.0, 3.0
Pharmacology
96.0, 5.0, 13.0, 8.0, 6.0, 2.0, 2.0, 4.0, 14.0, 19.2, 16.0, 12.0, 1.6, 2.1667, 1.3333, 0.25, 0.3333, 1.2, 0.3333, 0.6667, 0.5, 2.3333, 1.75
237.0, 9.0, 16.0, 12.0, 11.0, 3.0, 3.0, 8.0, 22.0, 26.3333, 21.5455, 19.75, 1.3333, 1.4545, 1.0909, 0.25, 0.2727, 1.2222, 0.2727, 0.7273, 0.6667, 2.0, 1.8333
Psychological and Cognitive Sciences
122.0, 4.0, 14.0, 8.0, 4.0, 4.0, 2.0, 1.0, 19.0, 30.5, 30.5, 15.25, 2.0, 3.5, 2.0, 0.5, 1.0, 1.0, 0.5, 0.25, 0.125, 4.75, 2.375
190.0, 6.0, 16.0, 12.0, 6.0, 5.0, 5.0, 3.0, 28.0, 31.6667, 31.6667, 15.8333, 2.0, 2.6667, 2.0, 0.4167, 0.8333, 1.0, 0.8333, 0.5, 0.25, 4.6667, 2.3333
Applied Biological Sciences
123.0, 5.0, 8.0, 6.0, 5.0, 1.0, 1.0, 8.0, 18.0, 24.6, 24.6, 20.5, 1.2, 1.6, 1.2, 0.1667, 0.2, 1.0, 0.2, 1.6, 1.3333, 3.6, 3.0
222.0, 8.0, 10.0, 9.0, 8.0, 2.0, 2.0, 11.0, 36.0, 27.75, 27.75, 24.6667, 1.125, 1.25, 1.125, 0.2222, 0.25, 1.0, 0.25, 1.375, 1.2222, 4.5, 4.0
Social Sciences
121.0, 5.0, 12.0, 8.0, 6.0, 2.0, 2.0, 4.0, 22.0, 24.2, 20.1667, 15.125, 1.6, 2.0, 1.3333, 0.25, 0.3333, 1.2, 0.3333, 0.6667, 0.5, 3.6667, 2.75
239.0, 9.0, 20.0, 15.0, 9.0, 6.0, 6.0, 9.0, 38.0, 26.5556, 26.5556, 15.9333, 1.6667, 2.2222, 1.6667, 0.4, 0.6667, 1.0, 0.6667, 1.0, 0.6, 4.2222, 2.5333
Applied Biological Sciences
114.0, 4.0, 12.0, 9.0, 5.0, 4.0, 3.0, 2.0, 16.0, 28.5, 22.8, 12.6667, 2.25, 2.4, 1.8, 0.4444, 0.8, 1.25, 0.6, 0.4, 0.2222, 3.2, 1.7778
206.0, 10.0, 23.0, 18.0, 10.0, 8.0, 7.0, 5.0, 31.0, 20.6, 20.6, 11.4444, 1.8, 2.3, 1.8, 0.4444, 0.8, 1.0, 0.7, 0.5, 0.2778, 3.1, 1.7222
Social Sciences
96.0, 4.0, 10.0, 6.0, 4.0, 2.0, 2.0, 4.0, 10.0, 24.0, 24.0, 16.0, 1.5, 2.5, 1.5, 0.3333, 0.5, 1.0, 0.5, 1.0, 0.6667, 2.5, 1.6667
252.0, 9.0, 23.0, 14.0, 12.0, 2.0, 2.0, 4.0, 35.0, 28.0, 21.0, 18.0, 1.5556, 1.9167, 1.1667, 0.1429, 0.1667, 1.3333, 0.1667, 0.3333, 0.2857, 2.9167, 2.5
Immunology and Inflammation
120.0, 6.0, 10.0, 10.0, 7.0, 3.0, 2.0, 2.0, 23.0, 20.0, 17.1429, 12.0, 1.6667, 1.4286, 1.4286, 0.3, 0.4286, 1.1667, 0.2857, 0.2857, 0.2, 3.2857, 2.3
245.0, 10.0, 18.0, 15.0, 12.0, 3.0, 2.0, 9.0, 40.0, 24.5, 20.4167, 16.3333, 1.5, 1.5, 1.25, 0.2, 0.25, 1.2, 0.1667, 0.75, 0.6, 3.3333, 2.6667
Psychological and Cognitive Sciences
118.0, 5.0, 13.0, 13.0, 7.0, 6.0, 3.0, 0.0, 18.0, 23.6, 16.8571, 9.0769, 2.6, 1.8571, 1.8571, 0.4615, 0.8571, 1.4, 0.4286, 0.0, 0.0, 2.5714, 1.3846
257.0, 9.0, 23.0, 20.0, 12.0, 8.0, 5.0, 7.0, 34.0, 28.5556, 21.4167, 12.85, 2.2222, 1.9167, 1.6667, 0.4, 0.6667, 1.3333, 0.4167, 0.5833, 0.35, 2.8333, 1.7
Immunology and Inflammation
121.0, 5.0, 9.0, 5.0, 5.0, 0.0, 0.0, 3.0, 19.0, 24.2, 24.2, 24.2, 1.0, 1.8, 1.0, 0.0, 0.0, 1.0, 0.0, 0.6, 0.6, 3.8, 3.8
193.0, 6.0, 15.0, 9.0, 6.0, 3.0, 3.0, 4.0, 25.0, 32.1667, 32.1667, 21.4444, 1.5, 2.5, 1.5, 0.3333, 0.5, 1.0, 0.5, 0.6667, 0.4444, 4.1667, 2.7778
Physiology
118.0, 5.0, 12.0, 9.0, 5.0, 4.0, 3.0, 2.0, 16.0, 23.6, 23.6, 13.1111, 1.8, 2.4, 1.8, 0.4444, 0.8, 1.0, 0.6, 0.4, 0.2222, 3.2, 1.7778
160.0, 6.0, 14.0, 10.0, 6.0, 4.0, 4.0, 3.0, 27.0, 26.6667, 26.6667, 16.0, 1.6667, 2.3333, 1.6667, 0.4, 0.6667, 1.0, 0.6667, 0.5, 0.3, 4.5, 2.7
Agricultural Sciences
127.0, 6.0, 17.0, 13.0, 6.0, 7.0, 3.0, 0.0, 19.0, 21.1667, 21.1667, 9.7692, 2.1667, 2.8333, 2.1667, 0.5385, 1.1667, 1.0, 0.5, 0.0, 0.0, 3.1667, 1.4615
263.0, 10.0, 27.0, 17.0, 10.0, 7.0, 6.0, 8.0, 39.0, 26.3, 26.3, 15.4706, 1.7, 2.7, 1.7, 0.4118, 0.7, 1.0, 0.6, 0.8, 0.4706, 3.9, 2.2941
Psychological and Cognitive Sciences
121.0, 6.0, 17.0, 12.0, 6.0, 6.0, 4.0, 5.0, 18.0, 20.1667, 20.1667, 10.0833, 2.0, 2.8333, 2.0, 0.5, 1.0, 1.0, 0.6667, 0.8333, 0.4167, 3.0, 1.5
178.0, 8.0, 23.0, 17.0, 8.0, 8.0, 6.0, 4.0, 26.0, 22.25, 22.25, 10.4706, 2.125, 2.875, 2.125, 0.4706, 1.0, 1.0, 0.75, 0.5, 0.2353, 3.25, 1.5294
Chemistry
119.0, 5.0, 10.0, 7.0, 7.0, 0.0, 0.0, 4.0, 17.0, 23.8, 17.0, 17.0, 1.4, 1.4286, 1.0, 0.0, 0.0, 1.4, 0.0, 0.5714, 0.5714, 2.4286, 2.4286
179.0, 7.0, 13.0, 8.0, 7.0, 1.0, 1.0, 8.0, 25.0, 25.5714, 25.5714, 22.375, 1.1429, 1.8571, 1.1429, 0.125, 0.1429, 1.0, 0.1429, 1.1429, 1.0, 3.5714, 3.125
Sustainability Science
113.0, 4.0, 4.0, 3.0, 3.0, 0.0, 0.0, 3.0, 23.0, 28.25, 37.6667, 37.6667, 0.75, 1.3333, 1.0, 0.0, 0.0, 0.75, 0.0, 1.0, 1.0, 7.6667, 7.6667
189.0, 7.0, 14.0, 7.0, 7.0, 0.0, 0.0, 5.0, 38.0, 27.0, 27.0, 27.0, 1.0, 2.0, 1.0, 0.0, 0.0, 1.0, 0.0, 0.7143, 0.7143, 5.4286, 5.4286
Medical Sciences
108.0, 5.0, 11.0, 8.0, 5.0, 3.0, 2.0, 1.0, 18.0, 21.6, 21.6, 13.5, 1.6, 2.2, 1.6, 0.375, 0.6, 1.0, 0.4, 0.2, 0.125, 3.6, 2.25
161.0, 7.0, 14.0, 11.0, 8.0, 3.0, 2.0, 5.0, 26.0, 23.0, 20.125, 14.6364, 1.5714, 1.75, 1.375, 0.2727, 0.375, 1.1429, 0.25, 0.625, 0.4545, 3.25, 2.3636
Engineering
123.0, 6.0, 13.0, 10.0, 6.0, 4.0, 4.0, 2.0, 18.0, 20.5, 20.5, 12.3, 1.6667, 2.1667, 1.6667, 0.4, 0.6667, 1.0, 0.6667, 0.3333, 0.2, 3.0, 1.8
249.0, 11.0, 16.0, 15.0, 11.0, 4.0, 4.0, 9.0, 33.0, 22.6364, 22.6364, 16.6, 1.3636, 1.4545, 1.3636, 0.2667, 0.3636, 1.0, 0.3636, 0.8182, 0.6, 3.0, 2.2
Ecology
125.0, 6.0, 15.0, 10.0, 7.0, 4.0, 3.0, 4.0, 19.0, 20.8333, 17.8571, 12.5, 1.6667, 2.1429, 1.4286, 0.4, 0.5714, 1.1667, 0.4286, 0.5714, 0.4, 2.7143, 1.9
214.0, 7.0, 20.0, 15.0, 8.0, 7.0, 6.0, 5.0, 32.0, 30.5714, 26.75, 14.2667, 2.1429, 2.5, 1.875, 0.4667, 0.875, 1.1429, 0.75, 0.625, 0.3333, 4.0, 2.1333
Environmental Sciences
115.0, 3.0, 9.0, 7.0, 3.0, 4.0, 3.0, 4.0, 23.0, 38.3333, 38.3333, 16.4286, 2.3333, 3.0, 2.3333, 0.5714, 1.3333, 1.0, 1.0, 1.3333, 0.5714, 7.6667, 3.2857
228.0, 10.0, 18.0, 13.0, 10.0, 4.0, 3.0, 8.0, 41.0, 22.8, 22.8, 17.5385, 1.3, 1.8, 1.3, 0.3077, 0.4, 1.0, 0.3, 0.8, 0.6154, 4.1, 3.1538
Physiology
123.0, 5.0, 16.0, 12.0, 4.0, 6.0, 3.0, 5.0, 17.0, 24.6, 30.75, 10.25, 2.4, 4.0, 3.0, 0.5, 1.5, 0.8, 0.75, 1.25, 0.4167, 4.25, 1.4167
265.0, 12.0, 27.0, 18.0, 15.0, 3.0, 4.0, 8.0, 37.0, 22.0833, 17.6667, 14.7222, 1.5, 1.8, 1.2, 0.1667, 0.2, 1.25, 0.2667, 0.5333, 0.4444, 2.4667, 2.0556
Social Sciences
120.0, 6.0, 11.0, 11.0, 6.0, 5.0, 2.0, 4.0, 16.0, 20.0, 20.0, 10.9091, 1.8333, 1.8333, 1.8333, 0.4545, 0.8333, 1.0, 0.3333, 0.6667, 0.3636, 2.6667, 1.4545
253.0, 9.0, 22.0, 13.0, 9.0, 4.0, 3.0, 8.0, 37.0, 28.1111, 28.1111, 19.4615, 1.4444, 2.4444, 1.4444, 0.3077, 0.4444, 1.0, 0.3333, 0.8889, 0.6154, 4.1111, 2.8462
Psychological and Cognitive Sciences
120.0, 5.0, 11.0, 9.0, 6.0, 3.0, 2.0, 2.0, 18.0, 24.0, 20.0, 13.3333, 1.8, 1.8333, 1.5, 0.3333, 0.5, 1.2, 0.3333, 0.3333, 0.2222, 3.0, 2.0
251.0, 9.0, 20.0, 15.0, 10.0, 5.0, 4.0, 5.0, 37.0, 27.8889, 25.1, 16.7333, 1.6667, 2.0, 1.5, 0.3333, 0.5, 1.1111, 0.4, 0.5, 0.3333, 3.7, 2.4667
Anthropology
101.0, 6.0, 8.0, 8.0, 6.0, 2.0, 2.0, 4.0, 10.0, 16.8333, 16.8333, 12.625, 1.3333, 1.3333, 1.3333, 0.25, 0.3333, 1.0, 0.3333, 0.6667, 0.5, 1.6667, 1.25
235.0, 10.0, 20.0, 17.0, 14.0, 4.0, 4.0, 6.0, 36.0, 23.5, 16.7857, 13.8235, 1.7, 1.4286, 1.2143, 0.2353, 0.2857, 1.4, 0.2857, 0.4286, 0.3529, 2.5714, 2.1176
Ecology
121.0, 4.0, 8.0, 5.0, 4.0, 1.0, 1.0, 6.0, 18.0, 30.25, 30.25, 24.2, 1.25, 2.0, 1.25, 0.2, 0.25, 1.0, 0.25, 1.5, 1.2, 4.5, 3.6
192.0, 8.0, 12.0, 9.0, 8.0, 1.0, 1.0, 11.0, 38.0, 24.0, 24.0, 21.3333, 1.125, 1.5, 1.125, 0.1111, 0.125, 1.0, 0.125, 1.375, 1.2222, 4.75, 4.2222
Biophysics and Computational Biology
121.0, 7.0, 14.0, 8.0, 6.0, 3.0, 3.0, 1.0, 17.0, 17.2857, 20.1667, 15.125, 1.1429, 2.3333, 1.3333, 0.375, 0.5, 0.8571, 0.5, 0.1667, 0.125, 2.8333, 2.125
257.0, 11.0, 26.0, 14.0, 11.0, 1.0, 1.0, 4.0, 34.0, 23.3636, 23.3636, 18.3571, 1.2727, 2.3636, 1.2727, 0.0714, 0.0909, 1.0, 0.0909, 0.3636, 0.2857, 3.0909, 2.4286
Engineering
93.0, 3.0, 9.0, 4.0, 3.0, 1.0, 1.0, 4.0, 19.0, 31.0, 31.0, 23.25, 1.3333, 3.0, 1.3333, 0.25, 0.3333, 1.0, 0.3333, 1.3333, 1.0, 6.3333, 4.75
176.0, 5.0, 16.0, 10.0, 5.0, 5.0, 5.0, 6.0, 30.0, 35.2, 35.2, 17.6, 2.0, 3.2, 2.0, 0.5, 1.0, 1.0, 1.0, 1.2, 0.6, 6.0, 3.0
Sustainability Science
74.0, 2.0, 5.0, 2.0, 2.0, 0.0, 0.0, 5.0, 8.0, 37.0, 37.0, 37.0, 1.0, 2.5, 1.0, 0.0, 0.0, 1.0, 0.0, 2.5, 2.5, 4.0, 4.0
104.0, 3.0, 4.0, 3.0, 3.0, 0.0, 0.0, 2.0, 15.0, 34.6667, 34.6667, 34.6667, 1.0, 1.3333, 1.0, 0.0, 0.0, 1.0, 0.0, 0.6667, 0.6667, 5.0, 5.0
Microbiology
127.0, 6.0, 10.0, 9.0, 6.0, 3.0, 2.0, 2.0, 16.0, 21.1667, 21.1667, 14.1111, 1.5, 1.6667, 1.5, 0.3333, 0.5, 1.0, 0.3333, 0.3333, 0.2222, 2.6667, 1.7778
192.0, 11.0, 14.0, 11.0, 10.0, 1.0, 1.0, 5.0, 21.0, 17.4545, 19.2, 17.4545, 1.0, 1.4, 1.1, 0.0909, 0.1, 0.9091, 0.1, 0.5, 0.4545, 2.1, 1.9091
Applied Physical Sciences
119.0, 5.0, 10.0, 8.0, 6.0, 2.0, 3.0, 5.0, 16.0, 23.8, 19.8333, 14.875, 1.6, 1.6667, 1.3333, 0.25, 0.3333, 1.2, 0.5, 0.8333, 0.625, 2.6667, 2.0
220.0, 8.0, 16.0, 12.0, 8.0, 4.0, 3.0, 5.0, 30.0, 27.5, 27.5, 18.3333, 1.5, 2.0, 1.5, 0.3333, 0.5, 1.0, 0.375, 0.625, 0.4167, 3.75, 2.5
Social Sciences
87.0, 3.0, 8.0, 7.0, 3.0, 4.0, 3.0, 4.0, 17.0, 29.0, 29.0, 12.4286, 2.3333, 2.6667, 2.3333, 0.5714, 1.3333, 1.0, 1.0, 1.3333, 0.5714, 5.6667, 2.4286
107.0, 5.0, 14.0, 11.0, 5.0, 6.0, 5.0, 2.0, 21.0, 21.4, 21.4, 9.7273, 2.2, 2.8, 2.2, 0.5455, 1.2, 1.0, 1.0, 0.4, 0.1818, 4.2, 1.9091
Social Sciences
124.0, 5.0, 12.0, 10.0, 5.0, 5.0, 4.0, 9.0, 11.0, 24.8, 24.8, 12.4, 2.0, 2.4, 2.0, 0.5, 1.0, 1.0, 0.8, 1.8, 0.9, 2.2, 1.1
167.0, 7.0, 14.0, 8.0, 7.0, 3.0, 3.0, 5.0, 24.0, 23.8571, 23.8571, 20.875, 1.1429, 2.0, 1.1429, 0.375, 0.4286, 1.0, 0.4286, 0.7143, 0.625, 3.4286, 3.0
Environmental Sciences
92.0, 3.0, 6.0, 3.0, 3.0, 0.0, 0.0, 2.0, 14.0, 30.6667, 30.6667, 30.6667, 1.0, 2.0, 1.0, 0.0, 0.0, 1.0, 0.0, 0.6667, 0.6667, 4.6667, 4.6667
229.0, 8.0, 19.0, 15.0, 9.0, 6.0, 5.0, 4.0, 36.0, 28.625, 25.4444, 15.2667, 1.875, 2.1111, 1.6667, 0.4, 0.6667, 1.125, 0.5556, 0.4444, 0.2667, 4.0, 2.4
Population Biology
110.0, 6.0, 11.0, 10.0, 6.0, 3.0, 2.0, 3.0, 20.0, 18.3333, 18.3333, 11.0, 1.6667, 1.8333, 1.6667, 0.3, 0.5, 1.0, 0.3333, 0.5, 0.3, 3.3333, 2.0
197.0, 10.0, 21.0, 18.0, 11.0, 7.0, 5.0, 8.0, 31.0, 19.7, 17.9091, 10.9444, 1.8, 1.9091, 1.6364, 0.3889, 0.6364, 1.1, 0.4545, 0.7273, 0.4444, 2.8182, 1.7222
Medical Sciences
118.0, 6.0, 9.0, 7.0, 5.0, 2.0, 2.0, 5.0, 17.0, 19.6667, 23.6, 16.8571, 1.1667, 1.8, 1.4, 0.2857, 0.4, 0.8333, 0.4, 1.0, 0.7143, 3.4, 2.4286
271.0, 13.0, 24.0, 16.0, 13.0, 6.0, 5.0, 7.0, 36.0, 20.8462, 20.8462, 16.9375, 1.2308, 1.8462, 1.2308, 0.375, 0.4615, 1.0, 0.3846, 0.5385, 0.4375, 2.7692, 2.25
Biophysics and Computational Biology
114.0, 5.0, 17.0, 11.0, 6.0, 5.0, 5.0, 3.0, 14.0, 22.8, 19.0, 10.3636, 2.2, 2.8333, 1.8333, 0.4545, 0.8333, 1.2, 0.8333, 0.5, 0.2727, 2.3333, 1.2727
250.0, 8.0, 23.0, 12.0, 9.0, 3.0, 2.0, 9.0, 38.0, 31.25, 27.7778, 20.8333, 1.5, 2.5556, 1.3333, 0.25, 0.3333, 1.125, 0.2222, 1.0, 0.75, 4.2222, 3.1667
Social Sciences
122.0, 5.0, 12.0, 9.0, 5.0, 4.0, 3.0, 3.0, 26.0, 24.4, 24.4, 13.5556, 1.8, 2.4, 1.8, 0.4444, 0.8, 1.0, 0.6, 0.6, 0.3333, 5.2, 2.8889
257.0, 11.0, 28.0, 22.0, 14.0, 7.0, 8.0, 7.0, 39.0, 23.3636, 18.3571, 11.6818, 2.0, 2.0, 1.5714, 0.3182, 0.5, 1.2727, 0.5714, 0.5, 0.3182, 2.7857, 1.7727
Anthropology
115.0, 4.0, 13.0, 8.0, 4.0, 4.0, 3.0, 3.0, 19.0, 28.75, 28.75, 14.375, 2.0, 3.25, 2.0, 0.5, 1.0, 1.0, 0.75, 0.75, 0.375, 4.75, 2.375
217.0, 6.0, 20.0, 16.0, 6.0, 8.0, 5.0, 7.0, 36.0, 36.1667, 36.1667, 13.5625, 2.6667, 3.3333, 2.6667, 0.5, 1.3333, 1.0, 0.8333, 1.1667, 0.4375, 6.0, 2.25
Physics
118.0, 4.0, 11.0, 7.0, 4.0, 2.0, 1.0, 1.0, 17.0, 29.5, 29.5, 16.8571, 1.75, 2.75, 1.75, 0.2857, 0.5, 1.0, 0.25, 0.25, 0.1429, 4.25, 2.4286
187.0, 8.0, 24.0, 14.0, 8.0, 5.0, 2.0, 1.0, 31.0, 23.375, 23.375, 13.3571, 1.75, 3.0, 1.75, 0.3571, 0.625, 1.0, 0.25, 0.125, 0.0714, 3.875, 2.2143
Chemistry
71.0, 3.0, 7.0, 3.0, 3.0, 0.0, 0.0, 1.0, 12.0, 23.6667, 23.6667, 23.6667, 1.0, 2.3333, 1.0, 0.0, 0.0, 1.0, 0.0, 0.3333, 0.3333, 4.0, 4.0
162.0, 6.0, 10.0, 7.0, 6.0, 1.0, 1.0, 5.0, 28.0, 27.0, 27.0, 23.1429, 1.1667, 1.6667, 1.1667, 0.1429, 0.1667, 1.0, 0.1667, 0.8333, 0.7143, 4.6667, 4.0
Sustainability Science
118.0, 4.0, 12.0, 7.0, 4.0, 3.0, 2.0, 4.0, 17.0, 29.5, 29.5, 16.8571, 1.75, 3.0, 1.75, 0.4286, 0.75, 1.0, 0.5, 1.0, 0.5714, 4.25, 2.4286
276.0, 11.0, 24.0, 16.0, 11.0, 5.0, 4.0, 5.0, 38.0, 25.0909, 25.0909, 17.25, 1.4545, 2.1818, 1.4545, 0.3125, 0.4545, 1.0, 0.3636, 0.4545, 0.3125, 3.4545, 2.375
Biophysics and Computational Biology
118.0, 5.0, 13.0, 7.0, 5.0, 2.0, 2.0, 2.0, 20.0, 23.6, 23.6, 16.8571, 1.4, 2.6, 1.4, 0.2857, 0.4, 1.0, 0.4, 0.4, 0.2857, 4.0, 2.8571
205.0, 10.0, 24.0, 11.0, 10.0, 2.0, 2.0, 6.0, 29.0, 20.5, 20.5, 18.6364, 1.1, 2.4, 1.1, 0.1818, 0.2, 1.0, 0.2, 0.6, 0.5455, 2.9, 2.6364
Computer Sciences
122.0, 5.0, 15.0, 10.0, 5.0, 5.0, 3.0, 2.0, 22.0, 24.4, 24.4, 12.2, 2.0, 3.0, 2.0, 0.5, 1.0, 1.0, 0.6, 0.4, 0.2, 4.4, 2.2
134.0, 6.0, 17.0, 11.0, 7.0, 3.0, 2.0, 7.0, 22.0, 22.3333, 19.1429, 12.1818, 1.8333, 2.4286, 1.5714, 0.2727, 0.4286, 1.1667, 0.2857, 1.0, 0.6364, 3.1429, 2.0
Evolution
122.0, 4.0, 10.0, 7.0, 4.0, 3.0, 3.0, 6.0, 22.0, 30.5, 30.5, 17.4286, 1.75, 2.5, 1.75, 0.4286, 0.75, 1.0, 0.75, 1.5, 0.8571, 5.5, 3.1429
253.0, 10.0, 20.0, 15.0, 10.0, 6.0, 4.0, 13.0, 44.0, 25.3, 25.3, 16.8667, 1.5, 2.0, 1.5, 0.4, 0.6, 1.0, 0.4, 1.3, 0.8667, 4.4, 2.9333
Immunology and Inflammation
127.0, 7.0, 14.0, 10.0, 8.0, 3.0, 3.0, 3.0, 14.0, 18.1429, 15.875, 12.7, 1.4286, 1.75, 1.25, 0.3, 0.375, 1.1429, 0.375, 0.375, 0.3, 1.75, 1.4
209.0, 9.0, 20.0, 14.0, 8.0, 6.0, 5.0, 9.0, 24.0, 23.2222, 26.125, 14.9286, 1.5556, 2.5, 1.75, 0.4286, 0.75, 0.8889, 0.625, 1.125, 0.6429, 3.0, 1.7143
Environmental Sciences
125.0, 6.0, 15.0, 12.0, 8.0, 4.0, 3.0, 4.0, 17.0, 20.8333, 15.625, 10.4167, 2.0, 1.875, 1.5, 0.3333, 0.5, 1.3333, 0.375, 0.5, 0.3333, 2.125, 1.4167
150.0, 6.0, 12.0, 10.0, 6.0, 4.0, 3.0, 4.0, 19.0, 25.0, 25.0, 15.0, 1.6667, 2.0, 1.6667, 0.4, 0.6667, 1.0, 0.5, 0.6667, 0.4, 3.1667, 1.9
Genetics
111.0, 5.0, 8.0, 7.0, 6.0, 1.0, 1.0, 2.0, 18.0, 22.2, 18.5, 15.8571, 1.4, 1.3333, 1.1667, 0.1429, 0.1667, 1.2, 0.1667, 0.3333, 0.2857, 3.0, 2.5714
184.0, 6.0, 14.0, 13.0, 6.0, 7.0, 3.0, 3.0, 28.0, 30.6667, 30.6667, 14.1538, 2.1667, 2.3333, 2.1667, 0.5385, 1.1667, 1.0, 0.5, 0.5, 0.2308, 4.6667, 2.1538
Neuroscience
124.0, 4.0, 14.0, 11.0, 4.0, 6.0, 3.0, 7.0, 21.0, 31.0, 31.0, 11.2727, 2.75, 3.5, 2.75, 0.5455, 1.5, 1.0, 0.75, 1.75, 0.6364, 5.25, 1.9091
145.0, 5.0, 14.0, 12.0, 5.0, 7.0, 5.0, 3.0, 26.0, 29.0, 29.0, 12.0833, 2.4, 2.8, 2.4, 0.5833, 1.4, 1.0, 1.0, 0.6, 0.25, 5.2, 2.1667
Evolution
114.0, 4.0, 12.0, 8.0, 5.0, 4.0, 3.0, 3.0, 18.0, 28.5, 22.8, 14.25, 2.0, 2.4, 1.6, 0.5, 0.8, 1.25, 0.6, 0.6, 0.375, 3.6, 2.25
198.0, 6.0, 20.0, 14.0, 7.0, 6.0, 5.0, 6.0, 23.0, 33.0, 28.2857, 14.1429, 2.3333, 2.8571, 2.0, 0.4286, 0.8571, 1.1667, 0.7143, 0.8571, 0.4286, 3.2857, 1.6429
Plant Biology
116.0, 5.0, 10.0, 9.0, 5.0, 4.0, 3.0, 5.0, 15.0, 23.2, 23.2, 12.8889, 1.8, 2.0, 1.8, 0.4444, 0.8, 1.0, 0.6, 1.0, 0.5556, 3.0, 1.6667
241.0, 10.0, 16.0, 14.0, 10.0, 4.0, 4.0, 8.0, 40.0, 24.1, 24.1, 17.2143, 1.4, 1.6, 1.4, 0.2857, 0.4, 1.0, 0.4, 0.8, 0.5714, 4.0, 2.8571
Sustainability Science
120.0, 5.0, 12.0, 7.0, 5.0, 2.0, 2.0, 3.0, 17.0, 24.0, 24.0, 17.1429, 1.4, 2.4, 1.4, 0.2857, 0.4, 1.0, 0.4, 0.6, 0.4286, 3.4, 2.4286
251.0, 9.0, 26.0, 16.0, 10.0, 3.0, 3.0, 6.0, 30.0, 27.8889, 25.1, 15.6875, 1.7778, 2.6, 1.6, 0.1875, 0.3, 1.1111, 0.3, 0.6, 0.375, 3.0, 1.875
Psychological and Cognitive Sciences
69.0, 3.0, 5.0, 4.0, 3.0, 1.0, 1.0, 5.0, 13.0, 23.0, 23.0, 17.25, 1.3333, 1.6667, 1.3333, 0.25, 0.3333, 1.0, 0.3333, 1.6667, 1.25, 4.3333, 3.25
107.0, 5.0, 9.0, 7.0, 6.0, 1.0, 1.0, 4.0, 19.0, 21.4, 17.8333, 15.2857, 1.4, 1.5, 1.1667, 0.1429, 0.1667, 1.2, 0.1667, 0.6667, 0.5714, 3.1667, 2.7143
Environmental Sciences
99.0, 3.0, 7.0, 5.0, 3.0, 2.0, 2.0, 6.0, 13.0, 33.0, 33.0, 19.8, 1.6667, 2.3333, 1.6667, 0.4, 0.6667, 1.0, 0.6667, 2.0, 1.2, 4.3333, 2.6
243.0, 9.0, 15.0, 14.0, 9.0, 5.0, 5.0, 6.0, 33.0, 27.0, 27.0, 17.3571, 1.5556, 1.6667, 1.5556, 0.3571, 0.5556, 1.0, 0.5556, 0.6667, 0.4286, 3.6667, 2.3571
Earth, Atmospheric, and Planetary Sciences
120.0, 3.0, 7.0, 5.0, 3.0, 2.0, 2.0, 4.0, 18.0, 40.0, 40.0, 24.0, 1.6667, 2.3333, 1.6667, 0.4, 0.6667, 1.0, 0.6667, 1.3333, 0.8, 6.0, 3.6
120.0, 3.0, 7.0, 5.0, 3.0, 2.0, 2.0, 4.0, 18.0, 40.0, 40.0, 24.0, 1.6667, 2.3333, 1.6667, 0.4, 0.6667, 1.0, 0.6667, 1.3333, 0.8, 6.0, 3.6
Social Sciences
125.0, 6.0, 14.0, 8.0, 7.0, 1.0, 1.0, 4.0, 18.0, 20.8333, 17.8571, 15.625, 1.3333, 2.0, 1.1429, 0.125, 0.1429, 1.1667, 0.1429, 0.5714, 0.5, 2.5714, 2.25
136.0, 5.0, 10.0, 6.0, 5.0, 1.0, 1.0, 6.0, 23.0, 27.2, 27.2, 22.6667, 1.2, 2.0, 1.2, 0.1667, 0.2, 1.0, 0.2, 1.2, 1.0, 4.6, 3.8333
Biochemistry
121.0, 5.0, 12.0, 8.0, 5.0, 3.0, 3.0, 2.0, 21.0, 24.2, 24.2, 15.125, 1.6, 2.4, 1.6, 0.375, 0.6, 1.0, 0.6, 0.4, 0.25, 4.2, 2.625
179.0, 6.0, 13.0, 9.0, 6.0, 3.0, 3.0, 6.0, 23.0, 29.8333, 29.8333, 19.8889, 1.5, 2.1667, 1.5, 0.3333, 0.5, 1.0, 0.5, 1.0, 0.6667, 3.8333, 2.5556
Microbiology
124.0, 5.0, 11.0, 8.0, 5.0, 3.0, 3.0, 9.0, 15.0, 24.8, 24.8, 15.5, 1.6, 2.2, 1.6, 0.375, 0.6, 1.0, 0.6, 1.8, 1.125, 3.0, 1.875
249.0, 9.0, 19.0, 16.0, 12.0, 4.0, 5.0, 11.0, 41.0, 27.6667, 20.75, 15.5625, 1.7778, 1.5833, 1.3333, 0.25, 0.3333, 1.3333, 0.4167, 0.9167, 0.6875, 3.4167, 2.5625
Computer Sciences
117.0, 4.0, 14.0, 9.0, 4.0, 5.0, 3.0, 3.0, 18.0, 29.25, 29.25, 13.0, 2.25, 3.5, 2.25, 0.5556, 1.25, 1.0, 0.75, 0.75, 0.3333, 4.5, 2.0
200.0, 7.0, 19.0, 14.0, 7.0, 7.0, 4.0, 2.0, 26.0, 28.5714, 28.5714, 14.2857, 2.0, 2.7143, 2.0, 0.5, 1.0, 1.0, 0.5714, 0.2857, 0.1429, 3.7143, 1.8571
Medical Sciences
110.0, 4.0, 9.0, 6.0, 4.0, 2.0, 2.0, 1.0, 20.0, 27.5, 27.5, 18.3333, 1.5, 2.25, 1.5, 0.3333, 0.5, 1.0, 0.5, 0.25, 0.1667, 5.0, 3.3333
246.0, 11.0, 15.0, 14.0, 12.0, 3.0, 2.0, 3.0, 32.0, 22.3636, 20.5, 17.5714, 1.2727, 1.25, 1.1667, 0.2143, 0.25, 1.0909, 0.1667, 0.25, 0.2143, 2.6667, 2.2857
Microbiology
112.0, 5.0, 12.0, 8.0, 5.0, 3.0, 3.0, 5.0, 12.0, 22.4, 22.4, 14.0, 1.6, 2.4, 1.6, 0.375, 0.6, 1.0, 0.6, 1.0, 0.625, 2.4, 1.5
256.0, 11.0, 23.0, 13.0, 11.0, 2.0, 2.0, 4.0, 26.0, 23.2727, 23.2727, 19.6923, 1.1818, 2.0909, 1.1818, 0.1538, 0.1818, 1.0, 0.1818, 0.3636, 0.3077, 2.3636, 2.0
Earth, Atmospheric, and Planetary Sciences
101.0, 4.0, 7.0, 5.0, 4.0, 1.0, 1.0, 3.0, 14.0, 25.25, 25.25, 20.2, 1.25, 1.75, 1.25, 0.2, 0.25, 1.0, 0.25, 0.75, 0.6, 3.5, 2.8
211.0, 6.0, 22.0, 8.0, 6.0, 2.0, 2.0, 6.0, 29.0, 35.1667, 35.1667, 26.375, 1.3333, 3.6667, 1.3333, 0.25, 0.3333, 1.0, 0.3333, 1.0, 0.75, 4.8333, 3.625
Engineering
102.0, 5.0, 9.0, 5.0, 5.0, 0.0, 0.0, 5.0, 16.0, 20.4, 20.4, 20.4, 1.0, 1.8, 1.0, 0.0, 0.0, 1.0, 0.0, 1.0, 1.0, 3.2, 3.2
156.0, 6.0, 11.0, 6.0, 5.0, 1.0, 1.0, 11.0, 20.0, 26.0, 31.2, 26.0, 1.0, 2.2, 1.2, 0.1667, 0.2, 0.8333, 0.2, 2.2, 1.8333, 4.0, 3.3333
Medical Sciences
109.0, 4.0, 9.0, 7.0, 5.0, 2.0, 2.0, 6.0, 13.0, 27.25, 21.8, 15.5714, 1.75, 1.8, 1.4, 0.2857, 0.4, 1.25, 0.4, 1.2, 0.8571, 2.6, 1.8571
245.0, 8.0, 20.0, 15.0, 10.0, 5.0, 4.0, 6.0, 33.0, 30.625, 24.5, 16.3333, 1.875, 2.0, 1.5, 0.3333, 0.5, 1.25, 0.4, 0.6, 0.4, 3.3, 2.2
Applied Physical Sciences
119.0, 6.0, 14.0, 8.0, 6.0, 2.0, 1.0, 1.0, 19.0, 19.8333, 19.8333, 14.875, 1.3333, 2.3333, 1.3333, 0.25, 0.3333, 1.0, 0.1667, 0.1667, 0.125, 3.1667, 2.375
145.0, 5.0, 14.0, 8.0, 5.0, 3.0, 2.0, 1.0, 22.0, 29.0, 29.0, 18.125, 1.6, 2.8, 1.6, 0.375, 0.6, 1.0, 0.4, 0.2, 0.125, 4.4, 2.75
Environmental Sciences
123.0, 7.0, 9.0, 7.0, 7.0, 0.0, 0.0, 5.0, 14.0, 17.5714, 17.5714, 17.5714, 1.0, 1.2857, 1.0, 0.0, 0.0, 1.0, 0.0, 0.7143, 0.7143, 2.0, 2.0
261.0, 11.0, 24.0, 17.0, 12.0, 6.0, 6.0, 6.0, 38.0, 23.7273, 21.75, 15.3529, 1.5455, 2.0, 1.4167, 0.3529, 0.5, 1.0909, 0.5, 0.5, 0.3529, 3.1667, 2.2353
Environmental Sciences
123.0, 4.0, 12.0, 7.0, 4.0, 3.0, 2.0, 8.0, 18.0, 30.75, 30.75, 17.5714, 1.75, 3.0, 1.75, 0.4286, 0.75, 1.0, 0.5, 2.0, 1.1429, 4.5, 2.5714
263.0, 12.0, 20.0, 17.0, 12.0, 4.0, 4.0, 15.0, 42.0, 21.9167, 21.9167, 15.4706, 1.4167, 1.6667, 1.4167, 0.2353, 0.3333, 1.0, 0.3333, 1.25, 0.8824, 3.5, 2.4706
Microbiology
118.0, 5.0, 14.0, 10.0, 5.0, 5.0, 4.0, 2.0, 23.0, 23.6, 23.6, 11.8, 2.0, 2.8, 2.0, 0.5, 1.0, 1.0, 0.8, 0.4, 0.2, 4.6, 2.3
159.0, 6.0, 17.0, 13.0, 8.0, 5.0, 3.0, 1.0, 34.0, 26.5, 19.875, 12.2308, 2.1667, 2.125, 1.625, 0.3846, 0.625, 1.3333, 0.375, 0.125, 0.0769, 4.25, 2.6154
Microbiology
121.0, 5.0, 16.0, 8.0, 6.0, 2.0, 3.0, 3.0, 18.0, 24.2, 20.1667, 15.125, 1.6, 2.6667, 1.3333, 0.25, 0.3333, 1.2, 0.5, 0.5, 0.375, 3.0, 2.25
181.0, 8.0, 16.0, 9.0, 8.0, 2.0, 2.0, 5.0, 21.0, 22.625, 22.625, 20.1111, 1.125, 2.0, 1.125, 0.2222, 0.25, 1.0, 0.25, 0.625, 0.5556, 2.625, 2.3333
Computer Sciences
126.0, 5.0, 14.0, 7.0, 5.0, 2.0, 2.0, 2.0, 23.0, 25.2, 25.2, 18.0, 1.4, 2.8, 1.4, 0.2857, 0.4, 1.0, 0.4, 0.4, 0.2857, 4.6, 3.2857
274.0, 10.0, 30.0, 16.0, 11.0, 5.0, 4.0, 8.0, 41.0, 27.4, 24.9091, 17.125, 1.6, 2.7273, 1.4545, 0.3125, 0.4545, 1.1, 0.3636, 0.7273, 0.5, 3.7273, 2.5625
Medical Sciences
124.0, 5.0, 13.0, 10.0, 5.0, 5.0, 4.0, 2.0, 22.0, 24.8, 24.8, 12.4, 2.0, 2.6, 2.0, 0.5, 1.0, 1.0, 0.8, 0.4, 0.2, 4.4, 2.2
237.0, 7.0, 15.0, 13.0, 8.0, 5.0, 4.0, 5.0, 37.0, 33.8571, 29.625, 18.2308, 1.8571, 1.875, 1.625, 0.3846, 0.625, 1.1429, 0.5, 0.625, 0.3846, 4.625, 2.8462
Computer Sciences
125.0, 5.0, 10.0, 7.0, 5.0, 1.0, 1.0, 3.0, 20.0, 25.0, 25.0, 17.8571, 1.4, 2.0, 1.4, 0.1429, 0.2, 1.0, 0.2, 0.6, 0.4286, 4.0, 2.8571
178.0, 7.0, 17.0, 12.0, 7.0, 5.0, 4.0, 7.0, 23.0, 25.4286, 25.4286, 14.8333, 1.7143, 2.4286, 1.7143, 0.4167, 0.7143, 1.0, 0.5714, 1.0, 0.5833, 3.2857, 1.9167
Neuroscience
104.0, 4.0, 10.0, 8.0, 5.0, 3.0, 2.0, 3.0, 19.0, 26.0, 20.8, 13.0, 2.0, 2.0, 1.6, 0.375, 0.6, 1.25, 0.4, 0.6, 0.375, 3.8, 2.375
157.0, 8.0, 13.0, 11.0, 8.0, 3.0, 3.0, 5.0, 24.0, 19.625, 19.625, 14.2727, 1.375, 1.625, 1.375, 0.2727, 0.375, 1.0, 0.375, 0.625, 0.4545, 3.0, 2.1818
Social Sciences
121.0, 6.0, 12.0, 11.0, 6.0, 5.0, 3.0, 6.0, 18.0, 20.1667, 20.1667, 11.0, 1.8333, 2.0, 1.8333, 0.4545, 0.8333, 1.0, 0.5, 1.0, 0.5455, 3.0, 1.6364
210.0, 8.0, 15.0, 14.0, 8.0, 6.0, 5.0, 9.0, 33.0, 26.25, 26.25, 15.0, 1.75, 1.875, 1.75, 0.4286, 0.75, 1.0, 0.625, 1.125, 0.6429, 4.125, 2.3571
Environmental Sciences
123.0, 4.0, 11.0, 7.0, 5.0, 2.0, 2.0, 5.0, 17.0, 30.75, 24.6, 17.5714, 1.75, 2.2, 1.4, 0.2857, 0.4, 1.25, 0.4, 1.0, 0.7143, 3.4, 2.4286
204.0, 5.0, 12.0, 10.0, 6.0, 4.0, 3.0, 7.0, 28.0, 40.8, 34.0, 20.4, 2.0, 2.0, 1.6667, 0.4, 0.6667, 1.2, 0.5, 1.1667, 0.7, 4.6667, 2.8
Earth, Atmospheric, and Planetary Sciences
82.0, 4.0, 12.0, 8.0, 4.0, 4.0, 3.0, 1.0, 13.0, 20.5, 20.5, 10.25, 2.0, 3.0, 2.0, 0.5, 1.0, 1.0, 0.75, 0.25, 0.125, 3.25, 1.625
260.0, 9.0, 18.0, 14.0, 9.0, 5.0, 4.0, 13.0, 40.0, 28.8889, 28.8889, 18.5714, 1.5556, 2.0, 1.5556, 0.3571, 0.5556, 1.0, 0.4444, 1.4444, 0.9286, 4.4444, 2.8571
Psychological and Cognitive Sciences
117.0, 5.0, 12.0, 8.0, 6.0, 2.0, 2.0, 4.0, 23.0, 23.4, 19.5, 14.625, 1.6, 2.0, 1.3333, 0.25, 0.3333, 1.2, 0.3333, 0.6667, 0.5, 3.8333, 2.875
248.0, 9.0, 18.0, 13.0, 9.0, 4.0, 4.0, 7.0, 51.0, 27.5556, 27.5556, 19.0769, 1.4444, 2.0, 1.4444, 0.3077, 0.4444, 1.0, 0.4444, 0.7778, 0.5385, 5.6667, 3.9231
Environmental Sciences
114.0, 6.0, 16.0, 14.0, 6.0, 8.0, 5.0, 3.0, 16.0, 19.0, 19.0, 8.1429, 2.3333, 2.6667, 2.3333, 0.5714, 1.3333, 1.0, 0.8333, 0.5, 0.2143, 2.6667, 1.1429
226.0, 8.0, 20.0, 14.0, 9.0, 5.0, 6.0, 9.0, 40.0, 28.25, 25.1111, 16.1429, 1.75, 2.2222, 1.5556, 0.3571, 0.5556, 1.125, 0.6667, 1.0, 0.6429, 4.4444, 2.8571